HJ0305XDHTHWPR
CRSMW
10.000000,0,19.354200
7.000000,0.250000,0.300000,0.050000,0.000000,0.000000,0.000000,0.000000,0.000000,0.000000,0.000000,0.000000
1995,1,1,2.24,79.39,6.158,0.069,0.0
1995,1,2,1.31,81.489,6.547,0.083,0.0
1995,1,3,0.37,83.59,6.984,0.662,0.0
1995,1,4,-0.569,85.631,7.47,0.0,0.0
1995,1,5,-1.279,86.407,7.09,0.0,0.0
1995,1,6,-1.989,87.04,6.712,0.0,0.0
1995,1,7,-2.709,87.568,6.334,0.0,0.0
1995,1,8,-3.049,87.24,6.226,0.0,0.0
1995,1,9,-3.379,86.782,6.134,0.0,0.0
1995,1,10,-3.719,86.309,6.05,0.0,0.0
1995,1,11,-4.0,86.127,5.526,0.0,0.0
1995,1,12,-4.279,85.911,5.031,0.0,0.0
1995,1,13,-4.559,85.639,4.573,0.0,0.0
1995,1,14,-4.669,83.245,4.385,0.0,0.0
1995,1,15,-4.779,80.789,4.266,0.0,26.832
1995,1,16,-4.889,78.297,4.222,0.0,129.696
1995,1,17,-3.909,68.837,4.278,0.0,207.072
1995,1,18,-2.939,60.399,4.437,0.0,268.057
1995,1,19,-1.959,52.791,4.7,0.0,363.246
1995,1,20,-1.369,51.089,4.902,0.0,351.705
1995,1,21,-0.789,49.473,5.139,0.0,329.468
1995,1,22,-0.199,47.882,5.409,0.0,268.784
1995,1,23,-1.349,54.394,4.662,0.0,155.8
1995,1,24,-2.489,61.681,3.949,0.0,18.88
1995,2,1,-3.629,69.88,3.304,0.0,0.0
1995,2,2,-3.969,70.74,3.262,0.0,0.0
1995,2,3,-4.319,71.656,3.23,0.0,0.0
1995,2,4,-4.659,72.522,3.203,0.0,0.0
1995,2,5,-4.929,74.705,2.991,0.0,0.0
1995,2,6,-5.209,77.003,2.799,0.0,0.0
1995,2,7,-5.479,79.306,2.622,0.0,0.0
1995,2,8,-5.729,81.123,2.768,0.0,0.0
1995,2,9,-5.979,82.988,2.936,0.0,0.0
1995,2,10,-6.229,84.893,3.111,0.0,0.0
1995,2,11,-6.509,86.318,2.99,0.0,0.0
1995,2,12,-6.789,87.769,2.87,0.0,0.0
1995,2,13,-7.079,89.316,2.765,0.0,0.0
1995,2,14,-6.629,87.125,2.715,0.0,0.0
1995,2,15,-6.179,85.01,2.706,0.0,34.504
1995,2,16,-5.729,82.934,2.728,0.0,164.496
1995,2,17,-3.719,67.7,2.41,0.0,262.912
1995,2,18,-1.709,55.247,2.095,0.0,340.576
1995,2,19,0.29,45.09,1.777,0.0,371.891
1995,2,20,0.94,44.931,1.363,0.0,360.359
1995,2,21,1.6,44.673,0.961,0.0,337.961
1995,2,22,2.25,44.377,0.596,0.0,247.504
1995,2,23,1.53,47.879,0.666,0.0,144.224
1995,2,24,0.82,51.599,0.936,0.0,18.968
1995,3,1,0.1,55.638,1.297,0.0,0.0
1995,3,2,-0.429,59.993,0.056,0.0,0.0
1995,3,3,-0.969,64.66,1.275,0.0,0.0
1995,3,4,-1.509,69.62,2.554,0.0,0.0
1995,3,5,-1.809,72.261,2.476,0.0,0.0
1995,3,6,-2.119,75.055,2.393,0.0,0.0
1995,3,7,-2.429,77.944,2.307,0.0,0.0
1995,3,8,-2.729,77.128,3.066,0.0,0.0
1995,3,9,-3.029,76.234,3.837,0.0,0.0
1995,3,10,-3.329,75.268,4.608,0.0,0.0
1995,3,11,-3.759,74.907,4.887,0.0,0.0
1995,3,12,-4.199,74.51,5.156,0.0,0.0
1995,3,13,-4.639,74.009,5.434,0.0,0.0
1995,3,14,-4.739,70.762,5.62,0.0,0.0
1995,3,15,-4.849,67.512,5.826,0.0,29.904
1995,3,16,-4.949,64.136,6.062,0.0,94.064
1995,3,17,-4.869,60.445,5.942,0.0,150.48
1995,3,18,-4.799,56.831,5.871,0.0,195.063
1995,3,19,-4.719,53.215,5.841,0.0,259.102
1995,3,20,-4.559,53.051,5.353,0.0,251.258
1995,3,21,-4.399,52.874,4.88,0.159,235.9
1995,3,22,-4.239,52.707,4.428,0.0,270.048
1995,3,23,-5.149,56.522,3.784,0.0,158.208
1995,3,24,-6.059,60.624,3.133,0.0,22.464
1995,4,1,-6.969,65.086,2.498,0.0,0.0
1995,4,2,-7.219,65.407,2.682,0.0,0.0
1995,4,3,-7.469,65.709,2.878,0.0,0.0
1995,4,4,-7.719,66.014,3.086,0.0,0.0
1995,4,5,-8.199,67.278,2.57,0.0,0.0
1995,4,6,-8.679,68.549,2.13,0.0,0.0
1995,4,7,-9.169,69.883,1.795,0.0,0.0
1995,4,8,-9.599,71.066,1.64,0.0,0.0
1995,4,9,-10.039,72.308,1.488,0.0,0.0
1995,4,10,-10.469,73.506,1.356,0.0,0.0
1995,4,11,-10.909,74.785,1.589,0.0,0.0
1995,4,12,-11.349,76.09,1.813,0.0,0.0
1995,4,13,-11.779,77.335,2.046,0.0,0.0
1995,4,14,-11.269,74.077,2.079,0.0,0.0
1995,4,15,-10.769,71.019,2.176,0.0,34.76
1995,4,16,-10.259,68.045,2.314,0.0,170.944
1995,4,17,-8.669,62.78,2.295,0.0,273.664
1995,4,18,-7.079,57.897,2.313,0.0,354.944
1995,4,19,-5.489,53.391,2.382,0.0,410.138
1995,4,20,-5.129,52.875,2.48,0.0,398.045
1995,4,21,-4.769,52.354,2.602,0.0,374.141
1995,4,22,-4.409,51.813,2.744,0.0,279.6
1995,4,23,-5.559,56.497,2.598,0.0,164.696
1995,4,24,-6.719,61.695,2.467,0.0,25.12
1995,5,1,-7.879,67.43,2.367,0.0,0.0
1995,5,2,-8.279,68.16,2.278,0.0,0.0
1995,5,3,-8.689,68.93,2.199,0.0,0.0
1995,5,4,-9.099,69.692,2.111,0.0,0.0
1995,5,5,-9.549,70.628,1.296,0.0,0.0
1995,5,6,-10.009,71.599,0.984,0.0,0.0
1995,5,7,-10.469,72.574,1.532,0.0,0.0
1995,5,8,-10.709,74.409,1.822,0.0,0.0
1995,5,9,-10.959,76.365,2.107,0.0,0.0
1995,5,10,-11.199,78.289,2.399,0.0,0.0
1995,5,11,-11.469,80.212,2.444,0.0,0.0
1995,5,12,-11.739,82.166,2.51,0.0,0.0
1995,5,13,-12.009,84.204,2.595,0.0,0.0
1995,5,14,-11.059,77.811,3.112,0.0,0.0
1995,5,15,-10.119,71.993,3.629,0.0,33.168
1995,5,16,-9.169,66.607,4.146,0.0,157.712
1995,5,17,-6.689,55.722,5.334,0.0,252.64
1995,5,18,-4.209,46.787,6.624,0.0,327.819
1995,5,19,-1.729,39.428,7.957,0.0,241.457
1995,5,20,-1.259,40.554,8.052,0.0,234.515
1995,5,21,-0.799,41.586,8.148,0.0,220.686
1995,5,22,-0.329,42.47,8.254,0.0,170.4
1995,5,23,-0.519,45.106,7.874,0.0,100.92
1995,5,24,-0.709,47.812,7.53,0.0,16.464
1995,6,1,-0.889,50.544,7.218,0.0,0.0
1995,6,2,-1.209,54.177,7.516,0.0,0.0
1995,6,3,-1.529,57.945,7.807,0.202,0.0
1995,6,4,-1.849,61.87,8.111,0.0,0.0
1995,6,5,-1.889,67.346,8.07,0.204,0.0
1995,6,6,-1.929,72.826,8.044,0.0,0.0
1995,6,7,-1.969,78.334,8.012,0.0,0.0
1995,6,8,-1.919,82.096,7.279,0.0,0.0
1995,6,9,-1.879,85.889,6.558,0.383,0.0
1995,6,10,-1.839,89.648,5.826,0.0,0.0
1995,6,11,-1.739,91.125,5.454,0.63,0.0
1995,6,12,-1.629,92.492,5.082,1.728,0.0
1995,6,13,-1.529,93.906,4.71,0.639,0.0
1995,6,14,-1.079,93.454,4.101,0.002,0.0
1995,6,15,-0.629,92.944,3.501,0.004,19.416
1995,6,16,-0.179,92.376,2.916,0.001,83.76
1995,6,17,0.29,90.679,1.733,0.0,134.224
1995,6,18,0.76,88.994,1.43,0.0,174.255
1995,6,19,1.23,87.331,2.386,0.008,120.68
1995,6,20,0.94,86.289,3.686,0.0,117.297
1995,6,21,0.65,85.163,5.114,0.0,110.499
1995,6,22,0.36,83.946,6.583,0.003,145.376
1995,6,23,-0.389,84.068,6.511,0.002,86.576
1995,6,24,-1.129,83.888,6.436,0.0,15.048
1995,7,1,-1.879,83.509,6.367,0.0,0.0
1995,7,2,-2.849,82.946,6.526,0.0,0.0
1995,7,3,-3.819,81.875,6.699,0.0,0.0
1995,7,4,-4.789,80.189,6.859,0.0,0.0
1995,7,5,-5.349,80.664,6.239,0.0,0.0
1995,7,6,-5.909,81.043,5.634,0.0,0.0
1995,7,7,-6.459,81.256,5.044,0.0,0.0
1995,7,8,-6.739,81.338,4.988,0.0,0.0
1995,7,9,-7.019,81.39,4.917,0.0,0.0
1995,7,10,-7.309,81.47,4.853,0.0,0.0
1995,7,11,-7.989,82.992,4.314,0.0,0.0
1995,7,12,-8.679,84.542,3.77,0.0,0.0
1995,7,13,-9.359,85.949,3.234,0.0,0.0
1995,7,14,-9.369,84.651,2.969,0.0,0.0
1995,7,15,-9.379,83.344,2.82,0.0,34.048
1995,7,16,-9.389,82.038,2.809,0.0,171.92
1995,7,17,-8.119,80.665,2.616,0.0,275.568
1995,7,18,-6.859,78.971,2.651,0.0,357.87
1995,7,19,-5.589,76.925,2.889,0.0,409.217
1995,7,20,-4.469,74.048,3.295,0.0,398.022
1995,7,21,-3.339,71.141,3.811,0.0,375.417
1995,7,22,-2.219,68.311,4.391,0.0,278.832
1995,7,23,-2.889,67.682,3.985,0.0,166.976
1995,7,24,-3.559,66.817,3.64,0.0,30.792
1995,8,1,-4.239,65.771,3.393,0.0,0.0
1995,8,2,-4.669,70.681,3.471,0.0,0.0
1995,8,3,-5.109,75.899,3.562,0.0,0.0
1995,8,4,-5.549,81.405,3.67,0.0,0.0
1995,8,5,-5.679,83.356,3.551,0.0,0.0
1995,8,6,-5.809,85.337,3.441,0.0,0.0
1995,8,7,-5.939,87.348,3.335,0.0,0.0
1995,8,8,-6.119,88.767,3.077,0.0,0.0
1995,8,9,-6.309,90.282,2.908,0.0,0.0
1995,8,10,-6.5,91.818,2.846,0.0,0.0
1995,8,11,-6.149,93.007,2.554,0.0,0.0
1995,8,12,-5.789,93.993,2.412,0.0,0.0
1995,8,13,-5.439,94.952,2.442,0.0,0.0
1995,8,14,-4.869,94.187,2.399,0.0,0.0
1995,8,15,-4.299,93.333,2.54,0.0,32.247
1995,8,16,-3.739,92.462,2.838,0.0,164.48
1995,8,17,-2.179,87.76,2.361,0.0,263.648
1995,8,18,-0.619,83.093,2.086,0.0,342.491
1995,8,19,0.94,78.543,2.089,0.0,398.064
1995,8,20,1.38,76.797,2.529,0.0,387.451
1995,8,21,1.83,75.031,3.003,0.0,365.879
1995,8,22,2.27,73.369,3.51,0.0,274.16
1995,8,23,0.9,77.723,3.453,0.0,165.088
1995,8,24,-0.479,82.339,3.401,0.0,32.2
1995,9,1,-1.849,87.095,3.363,0.0,0.0
1995,9,2,-2.509,88.642,3.284,0.0,0.0
1995,9,3,-3.169,90.157,3.218,0.0,0.0
1995,9,4,-3.829,91.61,3.157,0.0,0.0
1995,9,5,-4.069,91.878,2.421,0.0,0.0
1995,9,6,-4.309,92.128,1.718,0.0,0.0
1995,9,7,-4.539,92.293,1.081,0.0,0.0
1995,9,8,-4.869,93.217,1.237,0.0,0.0
1995,9,9,-5.199,94.139,1.408,0.0,0.0
1995,9,10,-5.529,95.069,1.614,0.0,0.0
1995,9,11,-5.779,95.36,1.755,0.0,0.0
1995,9,12,-6.019,95.549,1.897,0.0,0.0
1995,9,13,-6.269,95.797,2.031,0.0,0.0
1995,9,14,-5.589,94.678,1.877,0.0,0.0
1995,9,15,-4.899,93.38,1.731,0.0,32.768
1995,9,16,-4.209,92.003,1.595,0.0,167.84
1995,9,17,-2.229,86.997,1.458,0.0,268.992
1995,9,18,-0.239,81.771,1.726,0.0,349.524
1995,9,19,1.75,76.534,2.258,0.0,400.12
1995,9,20,2.94,72.916,2.471,0.0,389.733
1995,9,21,4.13,69.425,2.68,0.0,368.449
1995,9,22,5.32,66.077,2.908,0.0,277.216
1995,9,23,4.11,70.159,3.102,0.0,167.872
1995,9,24,2.89,74.566,3.305,0.0,34.528
1995,10,1,1.68,79.218,3.514,0.0,0.0
1995,10,2,1.5,78.553,3.054,0.0,0.0
1995,10,3,1.32,77.869,2.672,0.0,0.0
1995,10,4,1.13,77.2,2.395,0.0,0.0
1995,10,5,0.68,79.811,2.689,0.0,0.0
1995,10,6,0.23,82.519,3.042,0.0,0.0
1995,10,7,-0.219,85.322,3.421,0.0,0.0
1995,10,8,-0.509,87.466,3.168,0.0,0.0
1995,10,9,-0.809,89.738,2.971,0.0,0.0
1995,10,10,-1.109,92.072,2.836,0.0,0.0
1995,10,11,-1.239,92.905,2.583,0.0,0.0
1995,10,12,-1.359,93.666,2.511,0.0,0.0
1995,10,13,-1.489,94.524,2.652,0.0,0.0
1995,10,14,-0.759,93.772,2.48,0.0,0.0
1995,10,15,-0.029,92.88,2.46,0.0,36.352
1995,10,16,0.71,91.788,2.595,0.0,162.992
1995,10,17,3.0,88.27,2.091,0.0,261.152
1995,10,18,5.3,83.898,1.663,0.0,339.397
1995,10,19,7.59,79.141,1.364,0.0,393.338
1995,10,20,8.52,80.042,1.378,0.0,383.386
1995,10,21,9.46,80.522,1.432,0.0,362.858
1995,10,22,10.39,80.722,1.516,0.06,252.224
1995,10,23,9.27,83.456,1.75,0.0,153.584
1995,10,24,8.15,86.187,1.985,0.0,33.208
1995,11,1,7.03,88.888,2.223,0.0,0.0
1995,11,2,6.57,88.985,1.288,0.0,0.0
1995,11,3,6.11,89.001,0.447,0.0,0.0
1995,11,4,5.65,88.936,0.771,0.0,0.0
1995,11,5,4.93,91.227,0.197,0.0,0.0
1995,11,6,4.21,93.544,0.933,0.0,0.0
1995,11,7,3.49,95.886,1.758,0.0,0.0
1995,11,8,3.28,96.52,1.65,0.0,0.0
1995,11,9,3.06,97.229,1.553,0.0,0.0
1995,11,10,2.85,97.873,1.468,0.0,0.0
1995,11,11,2.23,98.589,2.111,0.0,0.0
1995,11,12,1.62,99.124,2.746,0.0,0.0
1995,11,13,1.0,99.615,3.385,0.0,0.0
1995,11,14,1.68,96.095,3.005,0.0,0.0
1995,11,15,2.36,92.718,2.662,0.0,33.152
1995,11,16,3.04,89.467,2.353,0.0,166.8
1995,11,17,5.57,87.712,2.444,0.0,267.136
1995,11,18,8.1,84.433,2.565,0.0,347.202
1995,11,19,10.64,80.162,2.729,0.0,399.207
1995,11,20,12.03,78.441,3.241,0.0,389.38
1995,11,21,13.42,76.47,3.828,0.0,368.938
1995,11,22,14.81,74.308,4.461,0.0,277.616
1995,11,23,13.4,77.081,4.27,0.0,169.984
1995,11,24,12.0,79.724,4.124,0.0,38.544
1995,12,1,10.59,82.293,4.029,0.0,0.0
1995,12,2,9.64,82.648,4.018,0.0,0.0
1995,12,3,8.68,82.787,4.009,0.0,0.0
1995,12,4,7.73,82.552,4.002,0.0,0.0
1995,12,5,7.04,84.104,3.909,0.0,0.0
1995,12,6,6.35,85.643,3.83,0.0,0.0
1995,12,7,5.66,87.156,3.765,0.0,0.0
1995,12,8,5.17,88.568,3.644,0.0,0.0
1995,12,9,4.67,90.047,3.534,0.0,0.0
1995,12,10,4.18,91.471,3.464,0.0,0.0
1995,12,11,4.09,92.489,3.164,0.0,0.0
1995,12,12,4.0,93.511,2.886,0.0,0.0
1995,12,13,3.9,94.607,2.639,0.0,0.0
1995,12,14,4.45,94.844,2.056,0.0,0.0
1995,12,15,5.0,94.938,1.5,0.0,33.952
1995,12,16,5.54,94.976,1.015,0.0,157.408
1995,12,17,7.56,89.37,0.876,0.0,251.904
1995,12,18,9.58,83.806,0.824,0.0,327.415
1995,12,19,11.6,78.363,0.849,0.0,357.091
1995,12,20,12.46,75.273,0.26,0.0,348.519
1995,12,21,13.31,72.362,0.514,0.0,330.601
1995,12,22,14.16,69.569,1.146,0.0,258.176
1995,12,23,13.06,73.236,1.761,0.0,158.96
1995,12,24,11.97,77.055,2.451,0.0,37.704
1995,13,1,10.87,81.14,3.169,0.0,0.0
1995,13,2,10.08,83.91,3.19,0.0,0.0
1995,13,3,9.29,86.763,3.261,0.0,0.0
1995,13,4,8.5,89.71,3.378,0.0,0.0
1995,13,5,7.94,90.493,3.253,0.0,0.0
1995,13,6,7.38,91.224,3.115,0.0,0.0
1995,13,7,6.82,91.882,2.99,0.0,0.0
1995,13,8,6.33,92.462,3.21,0.0,0.0
1995,13,9,5.83,93.044,3.434,0.0,0.0
1995,13,10,5.33,93.566,3.656,0.0,0.0
1995,13,11,4.89,94.052,3.924,0.0,0.0
1995,13,12,4.44,94.563,4.214,0.0,0.0
1995,13,13,3.99,95.015,4.524,0.0,0.0
1995,13,14,4.02,92.866,5.182,0.027,0.0
1995,13,15,4.05,90.723,5.875,0.022,30.272
1995,13,16,4.08,88.586,6.602,0.025,134.008
1995,13,17,5.01,84.633,7.132,0.019,214.288
1995,13,18,5.95,80.816,7.704,0.028,278.509
1995,13,19,6.89,77.17,8.298,0.019,328.726
1995,13,20,7.44,75.189,8.252,0.016,321.037
1995,13,21,8.0,73.213,8.219,0.02,304.878
1995,13,22,8.55,71.341,8.188,0.021,261.103
1995,13,23,7.77,73.361,7.885,0.018,161.648
1995,13,24,6.99,75.41,7.631,0.018,40.016
1995,14,1,6.21,77.492,7.43,0.013,0.0
1995,14,2,5.19,80.131,7.48,0.013,0.0
1995,14,3,4.16,82.849,7.543,0.012,0.0
1995,14,4,3.14,85.505,7.597,0.005,0.0
1995,14,5,2.57,86.616,7.293,0.014,0.0
1995,14,6,2.01,87.635,6.989,0.008,0.0
1995,14,7,1.44,88.671,6.687,0.0,0.0
1995,14,8,0.94,89.344,6.702,0.008,0.0
1995,14,9,0.45,89.904,6.725,0.002,0.0
1995,14,10,-0.049,90.454,6.748,0.004,0.0
1995,14,11,-0.25,90.138,6.395,0.002,0.0
1995,14,12,-0.439,89.721,6.051,0.0,0.0
1995,14,13,-0.639,89.348,5.741,0.002,0.0
1995,14,14,-0.529,88.481,5.797,0.0,0.0
1995,14,15,-0.419,87.611,5.872,0.0,35.856
1995,14,16,-0.299,86.698,5.954,0.0,174.0
1995,14,17,1.53,77.951,5.689,0.0,277.968
1995,14,18,3.36,70.178,5.49,0.0,361.249
1995,14,19,5.2,63.223,5.351,0.0,418.116
1995,14,20,6.02,60.728,5.142,0.0,408.586
1995,14,21,6.84,58.335,5.042,0.0,388.448
1995,14,22,7.66,56.046,5.06,0.0,297.136
1995,14,23,6.21,61.449,4.57,0.0,184.96
1995,14,24,4.77,67.4,4.08,0.0,47.688
1995,15,1,3.32,74.055,3.59,0.0,0.0
1995,15,2,2.47,76.861,3.41,0.0,0.0
1995,15,3,1.62,79.758,3.312,0.0,0.0
1995,15,4,0.77,82.752,3.317,0.0,0.0
1995,15,5,0.63,82.543,2.273,0.0,0.0
1995,15,6,0.49,82.333,1.261,0.0,0.0
1995,15,7,0.35,82.101,0.604,0.0,0.0
1995,15,8,-0.069,84.232,0.988,0.0,0.0
1995,15,9,-0.489,86.428,1.371,0.0,0.0
1995,15,10,-0.909,88.685,1.756,0.0,0.0
1995,15,11,-1.199,89.526,1.421,0.0,0.0
1995,15,12,-1.5,90.436,1.103,0.0,0.0
1995,15,13,-1.789,91.277,0.809,0.0,0.0
1995,15,14,-1.0,87.919,1.041,0.0,0.0
1995,15,15,-0.209,84.688,1.449,0.0,35.688
1995,15,16,0.58,81.567,1.921,0.0,160.896
1995,15,17,2.83,74.042,2.581,0.0,256.72
1995,15,18,5.07,67.184,3.251,0.0,333.573
1995,15,19,7.31,60.927,3.926,0.0,380.849
1995,15,20,8.22,59.32,4.218,0.0,372.386
1995,15,21,9.14,57.671,4.525,0.0,354.427
1995,15,22,10.05,56.063,4.857,0.0,290.688
1995,15,23,8.39,62.308,4.617,0.0,181.936
1995,15,24,6.73,69.346,4.444,0.0,48.76
1995,16,1,5.06,77.348,4.334,0.0,0.0
1995,16,2,4.38,78.461,4.276,0.0,0.0
1995,16,3,3.7,79.517,4.214,0.0,0.0
1995,16,4,3.02,80.507,4.147,0.0,0.0
1995,16,5,2.48,82.146,3.991,0.0,0.0
1995,16,6,1.94,83.794,3.829,0.0,0.0
1995,16,7,1.39,85.527,3.673,0.0,0.0
1995,16,8,1.12,86.37,3.725,0.0,0.0
1995,16,9,0.84,87.269,3.788,0.0,0.0
1995,16,10,0.56,88.181,3.861,0.0,0.0
1995,16,11,0.72,88.174,4.067,0.0,0.0
1995,16,12,0.87,88.218,4.277,0.0,0.0
1995,16,13,1.03,88.197,4.478,0.0,0.0
1995,16,14,2.26,82.658,5.174,0.0,0.0
1995,16,15,3.49,77.499,5.898,0.0,37.632
1995,16,16,4.72,72.688,6.626,0.0,146.128
1995,16,17,6.91,66.485,7.372,0.0,232.88
1995,16,18,9.11,60.702,8.131,0.445,302.518
1995,16,19,11.3,55.422,8.892,0.0,350.923
1995,16,20,12.18,54.417,9.158,0.0,343.332
1995,16,21,13.06,53.371,9.437,0.0,327.114
1995,16,22,13.95,52.25,9.747,0.0,272.72
1995,16,23,13.18,56.025,9.95,0.0,171.6
1995,16,24,12.42,60.027,10.169,0.0,47.712
1995,17,1,11.66,64.308,10.415,0.0,0.0
1995,17,2,10.94,66.748,9.948,0.0,0.0
1995,17,3,10.22,69.293,9.486,0.0,0.0
1995,17,4,9.49,71.988,9.038,0.0,0.0
1995,17,5,9.19,74.986,8.891,0.0,0.0
1995,17,6,8.88,78.131,8.79,0.0,0.0
1995,17,7,8.57,81.378,8.716,0.025,0.0
1995,17,8,8.67,82.179,8.414,0.0,0.0
1995,17,9,8.77,82.967,8.138,2.618,0.0
1995,17,10,8.88,83.685,7.87,0.189,0.0
1995,17,11,8.37,86.75,6.538,0.106,0.0
1995,17,12,7.87,89.874,5.262,0.146,0.0
1995,17,13,7.36,93.187,4.094,0.0,0.0
1995,17,14,7.04,88.695,3.576,0.0,0.0
1995,17,15,6.71,84.012,3.688,0.0,37.264
1995,17,16,6.38,79.046,4.389,0.0,176.352
1995,17,17,6.89,68.245,4.121,0.0,280.608
1995,17,18,7.4,58.082,3.867,0.0,364.416
1995,17,19,7.91,48.523,3.614,0.0,420.887
1995,17,20,8.42,47.19,3.48,0.0,412.025
1995,17,21,8.93,45.892,3.369,0.0,392.976
1995,17,22,9.43,44.669,3.272,0.0,304.432
1995,17,23,8.23,48.074,2.631,0.0,192.592
1995,17,24,7.03,51.773,2.32,0.0,55.456
1995,18,1,5.83,55.795,2.477,0.0,0.0
1995,18,2,4.73,59.605,2.672,0.0,0.0
1995,18,3,3.63,63.713,3.036,0.0,0.0
1995,18,4,2.53,68.141,3.532,0.0,0.0
1995,18,5,1.88,70.422,3.234,0.0,0.0
1995,18,6,1.23,72.772,3.052,0.0,0.0
1995,18,7,0.58,75.21,3.026,0.0,0.0
1995,18,8,0.21,76.786,3.032,0.0,0.0
1995,18,9,-0.149,78.344,3.061,0.0,0.0
1995,18,10,-0.519,79.986,3.099,0.0,0.0
1995,18,11,-0.599,78.861,3.142,0.0,0.0
1995,18,12,-0.689,77.766,3.209,0.0,0.0
1995,18,13,-0.779,76.66,3.314,0.0,0.0
1995,18,14,-0.289,74.244,3.509,0.0,0.0
1995,18,15,0.2,71.915,3.746,0.021,38.272
1995,18,16,0.69,69.661,4.022,0.014,149.024
1995,18,17,2.43,62.91,4.942,0.011,236.736
1995,18,18,4.17,56.879,5.92,0.025,307.338
1995,18,19,5.92,51.451,6.944,0.08,342.004
1995,18,20,6.28,51.971,7.235,0.125,334.973
1995,18,21,6.64,52.438,7.539,0.105,319.836
1995,18,22,7.0,52.853,7.836,0.064,254.064
1995,18,23,6.08,56.428,6.887,0.059,161.568
1995,18,24,5.16,60.276,5.969,0.059,48.104
1995,19,1,4.24,64.418,5.082,0.088,0.0
1995,19,2,3.5,66.526,5.287,0.04,0.0
1995,19,3,2.77,68.649,5.501,0.047,0.0
1995,19,4,2.04,70.826,5.728,0.05,0.0
1995,19,5,1.57,73.65,5.749,0.091,0.0
1995,19,6,1.1,76.596,5.77,0.138,0.0
1995,19,7,0.63,79.665,5.792,0.069,0.0
1995,19,8,0.07,81.987,5.22,0.157,0.0
1995,19,9,-0.489,84.377,4.747,0.058,0.0
1995,19,10,-1.049,86.839,4.406,0.046,0.0
1995,19,11,-1.179,86.125,4.244,0.0,0.0
1995,19,12,-1.319,85.449,4.157,0.034,0.0
1995,19,13,-1.449,84.684,4.124,0.107,0.0
1995,19,14,-0.809,80.575,4.965,0.0,0.0
1995,19,15,-0.179,76.731,5.819,0.0,39.104
1995,19,16,0.45,73.095,6.696,0.0,173.392
1995,19,17,2.34,65.459,6.635,0.053,274.96
1995,19,18,4.24,58.653,6.587,0.086,356.827
1995,19,19,6.13,52.674,6.562,0.126,411.211
1995,19,20,6.86,50.755,6.666,0.0,402.959
1995,19,21,7.6,48.879,6.795,0.276,385.158
1995,19,22,8.33,47.113,6.933,0.02,313.28
1995,19,23,6.92,51.08,5.988,0.02,200.272
1995,19,24,5.51,55.418,5.077,0.0,61.552
1995,20,1,4.1,60.183,4.221,0.0,0.0
1995,20,2,3.19,62.385,4.104,0.0,0.0
1995,20,3,2.28,64.633,3.974,0.0,0.0
1995,20,4,1.37,66.933,3.852,0.0,0.0
1995,20,5,0.78,69.209,3.678,0.0,0.0
1995,20,6,0.19,71.562,3.496,0.0,0.0
1995,20,7,-0.389,73.957,3.323,0.0,0.0
1995,20,8,-0.679,75.422,3.228,0.0,0.0
1995,20,9,-0.959,76.865,3.133,0.0,0.0
1995,20,10,-1.25,78.395,3.041,0.0,0.0
1995,20,11,-1.389,78.555,2.67,0.0,0.0
1995,20,12,-1.529,78.726,2.313,0.0,0.0
1995,20,13,-1.669,78.882,1.996,0.0,0.0
1995,20,14,-1.059,75.462,2.13,0.0,0.0
1995,20,15,-0.439,72.149,2.31,0.0,40.904
1995,20,16,0.17,69.042,2.522,0.0,180.704
1995,20,17,1.9,62.913,2.661,0.0,286.0
1995,20,18,3.62,57.404,2.8,0.0,370.971
1995,20,19,5.35,52.386,2.93,0.0,424.255
1995,20,20,5.81,52.2,3.198,0.0,415.955
1995,20,21,6.27,51.977,3.474,0.0,397.982
1995,20,22,6.74,51.687,3.747,0.0,299.84
1995,20,23,5.5,56.447,3.504,0.0,192.672
1995,20,24,4.27,61.663,3.284,0.0,61.048
1995,21,1,3.03,67.458,3.094,0.0,0.0
1995,21,2,2.43,68.049,3.268,0.0,0.0
1995,21,3,1.83,68.577,3.458,0.0,0.0
1995,21,4,1.22,69.079,3.667,0.0,0.0
1995,21,5,1.21,70.878,3.33,0.0,0.0
1995,21,6,1.19,72.73,3.036,0.0,0.0
1995,21,7,1.17,74.589,2.786,0.0,0.0
1995,21,8,0.46,76.799,2.837,0.0,0.0
1995,21,9,-0.259,79.12,2.903,0.0,0.0
1995,21,10,-0.969,81.434,2.965,0.0,0.0
1995,21,11,-1.419,81.142,2.97,0.0,0.0
1995,21,12,-1.869,80.743,3.025,0.0,0.0
1995,21,13,-2.319,80.237,3.118,0.0,0.0
1995,21,14,-2.279,75.792,3.989,0.0,0.0
1995,21,15,-2.239,71.372,4.864,0.0,42.04
1995,21,16,-2.199,66.977,5.747,0.0,173.984
1995,21,17,-1.339,61.694,5.531,0.0,274.8
1995,21,18,-0.479,56.841,5.331,0.0,356.256
1995,21,19,0.38,52.369,5.154,0.0,356.971
1995,21,20,0.76,52.108,4.97,0.0,350.161
1995,21,21,1.13,51.862,4.836,0.0,335.372
1995,21,22,1.5,51.596,4.756,0.0,279.552
1995,21,23,0.79,54.88,4.03,0.0,180.56
1995,21,24,0.07,58.434,3.298,0.0,58.888
1995,22,1,-0.649,62.223,2.575,0.0,0.0
1995,22,2,-0.919,61.211,1.909,0.0,0.0
1995,22,3,-1.189,60.133,1.281,0.0,0.0
1995,22,4,-1.459,58.992,0.794,0.0,0.0
1995,22,5,-1.689,62.289,0.599,0.0,0.0
1995,22,6,-1.929,65.728,0.425,0.0,0.0
1995,22,7,-2.159,69.223,0.327,0.0,0.0
1995,22,8,-2.039,70.814,0.733,0.0,0.0
1995,22,9,-1.909,72.319,1.148,0.0,0.0
1995,22,10,-1.789,73.852,1.564,0.0,0.0
1995,22,11,-2.089,72.465,1.636,0.0,0.0
1995,22,12,-2.399,71.024,1.73,0.0,0.0
1995,22,13,-2.709,69.489,1.844,0.0,0.0
1995,22,14,-2.159,65.692,1.662,0.0,0.0
1995,22,15,-1.599,62.038,2.245,0.0,37.632
1995,22,16,-1.039,58.596,3.202,0.0,120.736
1995,22,17,-0.209,54.234,3.127,0.0,190.272
1995,22,18,0.62,50.201,3.477,0.0,246.517
1995,22,19,1.46,46.443,4.145,0.0,315.794
1995,22,20,1.81,47.246,4.616,0.0,309.901
1995,22,21,2.16,47.977,5.106,0.0,297.107
1995,22,22,2.52,48.61,5.597,0.0,257.92
1995,22,23,1.74,52.237,4.7,0.0,167.424
1995,22,24,0.97,56.092,3.798,0.0,56.144
1995,23,1,0.19,60.29,2.91,0.0,0.0
1995,23,2,0.16,59.398,3.222,0.0,0.0
1995,23,3,0.13,58.498,3.544,0.0,0.0
1995,23,4,0.09,57.647,3.886,0.0,0.0
1995,23,5,-0.079,58.926,3.642,0.0,0.0
1995,23,6,-0.239,60.19,3.411,0.0,0.0
1995,23,7,-0.409,61.526,3.177,0.0,0.0
1995,23,8,-0.509,61.987,3.014,0.0,0.0
1995,23,9,-0.609,62.462,2.865,0.0,0.0
1995,23,10,-0.709,62.928,2.725,0.0,0.0
1995,23,11,-0.719,62.04,2.87,0.0,0.0
1995,23,12,-0.729,61.142,3.02,0.0,0.0
1995,23,13,-0.739,60.244,3.173,0.0,0.0
1995,23,14,-0.589,56.553,3.777,0.0,0.0
1995,23,15,-0.449,52.96,4.377,0.0,37.64
1995,23,16,-0.299,49.405,4.978,0.0,184.032
1995,23,17,0.59,49.285,4.739,0.0,289.36
1995,23,18,1.48,49.01,4.505,0.0,374.661
1995,23,19,2.37,48.605,4.276,0.0,444.297
1995,23,20,2.98,48.203,4.354,0.0,436.199
1995,23,21,3.59,47.753,4.52,0.0,418.599
1995,23,22,4.2,47.265,4.776,0.0,330.24
1995,23,23,3.26,50.837,3.764,0.0,215.424
1995,23,24,2.32,54.695,3.03,0.0,74.184
1995,24,1,1.39,58.831,2.804,0.0,0.0
1995,24,2,0.86,61.172,2.944,0.0,0.0
1995,24,3,0.34,63.575,3.119,0.0,0.0
1995,24,4,-0.189,66.124,3.323,0.0,0.0
1995,24,5,-0.609,69.0,3.284,0.0,0.0
1995,24,6,-1.039,72.043,3.25,0.0,0.0
1995,24,7,-1.459,75.172,3.22,0.0,0.0
1995,24,8,-1.829,77.821,3.223,0.0,0.0
1995,24,9,-2.199,80.567,3.211,0.0,0.0
1995,24,10,-2.569,83.411,3.206,0.0,0.0
1995,24,11,-2.799,84.726,3.471,0.0,0.0
1995,24,12,-3.019,85.998,3.744,0.0,0.0
1995,24,13,-3.25,87.35,4.034,0.0,0.0
1995,24,14,-2.649,84.487,3.927,0.0,0.0
1995,24,15,-2.049,81.728,3.857,0.0,45.824
1995,24,16,-1.439,79.001,3.808,0.0,189.104
1995,24,17,1.21,69.322,3.737,0.0,296.624
1995,24,18,3.86,60.855,3.667,0.0,383.791
1995,24,19,6.52,53.426,3.603,0.0,443.105
1995,24,20,7.55,52.485,3.571,0.0,435.202
1995,24,21,8.59,51.416,3.552,0.0,418.037
1995,24,22,9.62,50.307,3.528,0.0,332.368
1995,24,23,7.91,56.474,3.681,0.0,217.872
1995,24,24,6.19,63.537,3.877,0.0,76.952
1995,25,1,4.48,71.553,4.116,0.0,0.0
1995,25,2,3.72,74.373,4.005,0.0,0.0
1995,25,3,2.96,77.316,3.935,0.0,0.0
1995,25,4,2.2,80.378,3.89,0.0,0.0
1995,25,5,1.57,82.399,3.811,0.0,0.0
1995,25,6,0.94,84.453,3.724,0.0,0.0
1995,25,7,0.3,86.602,3.642,0.0,0.0
1995,25,8,-0.049,87.708,3.446,0.0,0.0
1995,25,9,-0.409,88.884,3.257,0.0,0.0
1995,25,10,-0.769,90.064,3.077,0.0,0.0
1995,25,11,-0.969,90.412,2.765,0.0,0.0
1995,25,12,-1.169,90.756,2.454,0.0,0.0
1995,25,13,-1.369,91.087,2.143,0.0,0.0
1995,25,14,-0.659,88.971,1.467,0.0,0.0
1995,25,15,0.04,86.928,0.981,0.0,46.72
1995,25,16,0.75,84.835,1.004,0.0,189.424
1995,25,17,2.58,74.843,1.135,0.0,296.368
1995,25,18,4.42,66.113,1.561,0.0,383.152
1995,25,19,6.25,58.546,2.107,0.0,442.368
1995,25,20,6.86,56.713,2.241,0.0,434.647
1995,25,21,7.46,54.982,2.474,0.0,417.907
1995,25,22,8.07,53.27,2.784,0.0,332.208
1995,25,23,6.49,58.835,3.018,0.0,218.816
1995,25,24,4.91,65.064,3.274,0.0,79.184
1995,26,1,3.34,71.998,3.537,0.0,0.0
1995,26,2,2.35,75.188,3.372,0.0,0.0
1995,26,3,1.37,78.446,3.213,0.0,0.0
1995,26,4,0.39,81.826,3.062,0.0,0.0
1995,26,5,-0.229,84.088,2.938,0.0,0.0
1995,26,6,-0.849,86.402,2.818,0.0,0.0
1995,26,7,-1.469,88.772,2.716,0.0,0.0
1995,26,8,-1.719,89.096,2.674,0.0,0.0
1995,26,9,-1.979,89.477,2.634,0.0,0.0
1995,26,10,-2.229,89.77,2.596,0.0,0.0
1995,26,11,-2.379,89.404,2.707,0.0,0.0
1995,26,12,-2.519,88.946,2.804,0.0,0.0
1995,26,13,-2.659,88.477,2.915,0.0,0.0
1995,26,14,-2.059,83.278,2.843,0.0,0.0
1995,26,15,-1.469,78.432,2.774,0.0,47.512
1995,26,16,-0.869,73.821,2.724,0.0,186.848
1995,26,17,2.15,70.235,2.461,0.0,291.552
1995,26,18,5.17,65.557,2.908,0.033,376.633
1995,26,19,8.19,60.393,3.837,0.041,366.936
1995,26,20,8.76,66.46,4.618,0.04,360.659
1995,26,21,9.32,72.012,5.388,0.068,347.071
1995,26,22,9.89,76.996,6.167,0.163,235.376
1995,26,23,8.75,81.937,5.916,0.4,155.776
1995,26,24,7.61,87.244,5.741,0.407,57.696
1995,27,1,6.47,92.934,5.653,0.423,0.0
1995,27,2,6.45,93.719,5.58,0.295,0.0
1995,27,3,6.44,94.442,5.654,0.963,0.0
1995,27,4,6.42,95.224,5.87,0.16,0.0
1995,27,5,6.31,95.707,5.504,0.534,0.0
1995,27,6,6.2,96.184,5.15,0.625,0.0
1995,27,7,6.09,96.668,4.811,0.557,0.0
1995,27,8,6.07,96.512,4.832,0.579,0.0
1995,27,9,6.06,96.289,4.856,0.254,0.0
1995,27,10,6.04,96.131,4.875,0.158,0.0
1995,27,11,5.75,96.602,4.546,0.0,0.0
1995,27,12,5.46,97.052,4.252,0.151,0.0
1995,27,13,5.17,97.494,4.01,0.0,0.0
1995,27,14,5.7,95.969,4.282,0.163,0.0
1995,27,15,6.22,94.498,4.656,0.023,48.16
1995,27,16,6.75,92.966,5.116,0.0,183.984
1995,27,17,8.62,88.492,5.042,0.029,286.288
1995,27,18,10.49,83.901,5.009,0.0,369.499
1995,27,19,12.36,79.297,5.002,0.03,220.677
1995,27,20,12.68,77.647,4.462,0.261,216.968
1995,27,21,13.0,76.04,3.93,0.0,208.982
1995,27,22,13.31,74.518,3.409,0.0,228.624
1995,27,23,12.73,74.904,2.75,0.143,152.0
1995,27,24,12.15,75.218,2.143,0.0,57.568
1995,28,1,11.56,75.513,1.614,0.177,0.0
1995,28,2,10.18,81.057,1.216,1.086,0.0
1995,28,3,8.8,87.053,1.535,1.55,0.0
1995,28,4,7.42,93.537,2.296,0.902,0.0
1995,28,5,7.27,94.503,2.039,0.99,0.0
1995,28,6,7.13,95.414,1.828,0.792,0.0
1995,28,7,6.98,96.399,1.686,0.0,0.0
1995,28,8,6.47,94.878,2.9,0.7,0.0
1995,28,9,5.96,93.131,4.37,0.52,0.0
1995,28,10,5.44,91.206,5.906,0.016,0.0
1995,28,11,4.71,90.097,6.126,0.554,0.0
1995,28,12,3.98,88.649,6.35,0.148,0.0
1995,28,13,3.24,86.864,6.584,0.0,0.0
1995,28,14,2.9,85.399,7.031,0.146,0.0
1995,28,15,2.56,83.808,7.479,0.0,17.544
1995,28,16,2.22,82.087,7.929,0.0,65.84
1995,28,17,2.41,82.563,7.702,0.046,102.16
1995,28,18,2.6,83.011,7.478,0.739,131.737
1995,28,19,2.79,83.437,7.261,0.725,127.376
1995,28,20,2.76,81.376,7.072,0.0,125.28
1995,28,21,2.73,79.305,6.878,0.0,120.782
1995,28,22,2.7,77.214,6.687,0.0,67.104
1995,28,23,2.42,78.57,6.671,0.0,44.816
1995,28,24,2.14,79.953,6.687,0.0,17.336
1995,29,1,1.86,81.361,6.737,0.0,0.0
1995,29,2,1.47,83.381,6.365,0.0,0.0
1995,29,3,1.08,85.452,5.994,0.0,0.0
1995,29,4,0.69,87.575,5.622,0.0,0.0
1995,29,5,0.54,87.778,5.626,0.0,0.0
1995,29,6,0.39,87.97,5.622,0.0,0.0
1995,29,7,0.24,88.156,5.619,0.0,0.0
1995,29,8,0.04,88.182,5.689,0.0,0.0
1995,29,9,-0.149,88.127,5.765,0.0,0.0
1995,29,10,-0.339,88.055,5.847,0.0,0.0
1995,29,11,-0.469,89.355,5.499,0.344,0.0
1995,29,12,-0.599,90.672,5.151,0.0,0.0
1995,29,13,-0.729,92.008,4.794,0.0,0.0
1995,29,14,-0.779,91.514,5.0,0.0,0.0
1995,29,15,-0.829,91.004,5.21,0.0,14.96
1995,29,16,-0.889,90.549,5.432,0.0,54.976
1995,29,17,-0.549,85.337,5.602,0.0,85.04
1995,29,18,-0.209,80.338,5.773,0.014,109.543
1995,29,19,0.13,75.523,5.946,0.001,136.991
1995,29,20,0.25,75.637,5.947,0.038,134.776
1995,29,21,0.37,75.744,5.98,0.125,130.048
1995,29,22,0.49,75.834,6.054,0.0,140.144
1995,29,23,0.32,76.491,5.494,0.005,94.032
1995,29,24,0.16,77.099,4.95,0.019,37.128
1995,30,1,-0.009,77.767,4.405,0.0,0.0
1995,30,2,-0.589,80.424,3.84,0.0,0.0
1995,30,3,-1.169,83.184,3.281,0.0,0.0
1995,30,4,-1.75,86.054,2.721,0.0,0.0
1995,30,5,-2.149,87.58,2.63,0.0,0.0
1995,30,6,-2.559,89.208,2.559,0.0,0.0
1995,30,7,-2.969,90.86,2.509,0.0,0.0
1995,30,8,-3.289,91.439,2.3,0.0,0.0
1995,30,9,-3.609,91.996,2.144,0.0,0.0
1995,30,10,-3.929,92.545,2.054,0.0,0.0
1995,30,11,-4.069,92.757,1.948,0.0,0.0
1995,30,12,-4.209,92.95,1.867,0.0,0.0
1995,30,13,-4.349,93.156,1.805,0.0,0.0
1995,30,14,-3.819,88.956,1.99,0.0,0.0
1995,30,15,-3.299,85.029,2.165,0.0,55.584
1995,30,16,-2.769,81.216,2.356,0.0,201.624
1995,30,17,-1.119,73.771,2.267,0.0,310.96
1995,30,18,0.53,67.074,2.191,0.0,400.199
1995,30,19,2.18,61.049,2.141,0.0,459.934
1995,30,20,3.04,59.243,2.07,0.0,452.618
1995,30,21,3.91,57.411,2.163,0.0,437.08
1995,30,22,4.78,55.616,2.388,0.0,351.312
1995,30,23,3.41,60.626,2.604,0.0,236.736
1995,30,24,2.05,66.111,2.885,0.0,95.328
1995,31,1,0.68,72.22,3.218,0.0,0.0
1995,31,2,0.12,73.937,3.312,0.0,0.0
1995,31,3,-0.439,75.699,3.426,0.0,0.0
1995,31,4,-1.0,77.488,3.531,0.0,0.0
1995,31,5,-1.329,80.436,3.446,0.0,0.0
1995,31,6,-1.649,83.423,3.358,0.0,0.0
1995,31,7,-1.979,86.576,3.274,0.0,0.0
1995,31,8,-2.129,87.902,3.354,0.0,0.0
1995,31,9,-2.269,89.167,3.439,0.0,0.0
1995,31,10,-2.419,90.519,3.53,0.0,0.0
1995,31,11,-2.529,91.552,3.64,0.0,0.0
1995,31,12,-2.639,92.578,3.75,0.0,0.0
1995,31,13,-2.75,93.629,3.862,0.0,0.0
1995,31,14,-1.899,89.62,3.97,0.0,0.0
1995,31,15,-1.049,85.794,4.084,0.0,56.688
1995,31,16,-0.199,82.13,4.194,0.0,202.224
1995,31,17,2.55,72.207,4.263,0.0,310.912
1995,31,18,5.31,63.425,4.346,0.0,399.701
1995,31,19,8.06,55.758,4.43,0.0,459.175
1995,31,20,9.25,54.165,4.466,0.0,451.991
1995,31,21,10.44,52.522,4.5,0.0,436.826
1995,31,22,11.63,50.848,4.529,0.0,351.407
1995,31,23,9.86,57.015,4.442,0.0,237.824
1995,31,24,8.09,64.037,4.357,0.0,97.584
1995,32,1,6.32,72.048,4.285,0.0,0.0
1995,32,2,5.63,74.335,4.318,0.0,0.0
1995,32,3,4.94,76.698,4.358,0.0,0.0
1995,32,4,4.25,79.13,4.394,0.0,0.0
1995,32,5,3.7,80.915,4.197,0.0,0.0
1995,32,6,3.15,82.729,4.03,0.0,0.0
1995,32,7,2.6,84.576,3.898,0.0,0.0
1995,32,8,2.17,85.777,3.758,0.0,0.0
1995,32,9,1.73,87.044,3.635,0.0,0.0
1995,32,10,1.3,88.248,3.536,0.0,0.0
1995,32,11,1.19,88.702,3.478,0.0,0.0
1995,32,12,1.08,89.162,3.407,0.0,0.0
1995,32,13,0.97,89.62,3.34,0.0,0.0
1995,32,14,1.92,86.547,3.437,0.0,0.0
1995,32,15,2.87,83.533,3.582,0.0,46.888
1995,32,16,3.82,80.582,3.759,0.0,140.096
1995,32,17,6.3,74.626,3.804,0.0,219.744
1995,32,18,8.78,68.764,3.865,0.0,296.684
1995,32,19,11.25,63.167,3.934,0.0,342.485
1995,32,20,12.83,59.21,4.132,0.0,350.697
1995,32,21,14.41,55.484,4.408,0.0,323.807
1995,32,22,15.99,51.982,4.737,0.0,337.86
1995,32,23,14.86,55.627,4.521,0.0,222.176
1995,32,24,13.73,59.564,4.331,0.0,92.832
1995,33,1,12.6,63.818,4.141,0.0,0.0
1995,33,2,11.79,65.276,4.18,0.0,0.0
1995,33,3,10.97,66.765,4.219,0.0,0.0
1995,33,4,10.16,68.195,4.253,0.0,0.0
1995,33,5,9.53,70.522,4.152,0.0,0.0
1995,33,6,8.89,72.991,4.077,0.0,0.0
1995,33,7,8.26,75.508,4.02,0.0,0.0
1995,33,8,7.84,76.583,3.975,0.0,0.0
1995,33,9,7.43,77.604,3.935,0.0,0.0
1995,33,10,7.01,78.687,3.921,0.0,0.0
1995,33,11,6.52,79.254,3.871,0.0,0.0
1995,33,12,6.03,79.772,3.832,0.0,0.0
1995,33,13,5.55,80.192,3.803,0.0,0.0
1995,33,14,6.49,77.158,3.359,0.0,0.0
1995,33,15,7.43,74.223,2.913,0.0,55.656
1995,33,16,8.37,71.39,2.482,0.0,178.368
1995,33,17,10.55,66.253,1.534,0.0,278.88
1995,33,18,12.72,61.376,0.756,0.0,376.09
1995,33,19,14.89,56.751,0.894,0.0,404.149
1995,33,20,15.81,55.67,1.786,0.0,413.923
1995,33,21,16.72,54.578,2.676,0.0,382.476
1995,33,22,17.63,53.45,3.56,0.0,239.736
1995,33,23,16.45,58.449,3.422,0.0,158.304
1995,33,24,15.28,63.9,3.299,0.0,67.304
1995,34,1,14.11,69.892,3.193,0.0,0.0
1995,34,2,13.22,71.954,2.917,0.0,0.0
1995,34,3,12.34,73.987,2.644,0.0,0.0
1995,34,4,11.45,76.089,2.376,0.0,0.0
1995,34,5,11.42,72.698,0.803,0.022,0.0
1995,34,6,11.4,69.241,3.769,0.0,0.0
1995,34,7,11.37,65.814,6.805,0.0,0.0
1995,34,8,10.5,67.636,7.438,0.0,0.0
1995,34,9,9.62,69.513,8.11,0.0,0.0
1995,34,10,8.75,71.341,8.828,0.0,0.0
1995,34,11,7.98,74.138,8.311,0.0,0.0
1995,34,12,7.2,77.112,7.891,0.0,0.0
1995,34,13,6.43,80.154,7.554,0.0,0.0
1995,34,14,6.19,79.588,7.792,0.0,0.0
1995,34,15,5.96,78.921,8.029,0.0,15.736
1995,34,16,5.72,78.265,8.271,0.0,59.168
1995,34,17,6.17,75.249,8.324,0.0,92.208
1995,34,18,6.62,72.353,8.416,0.0,124.191
1995,34,19,7.07,69.571,8.55,0.0,275.421
1995,34,20,7.81,65.719,8.559,0.0,282.121
1995,34,21,8.55,62.099,8.569,0.0,260.889
1995,34,22,9.28,58.729,8.579,0.0,321.954
1995,34,23,8.77,58.344,8.282,0.0,213.456
1995,34,24,8.25,57.9,8.0,0.0,92.272
1995,35,1,7.74,57.317,7.729,0.0,0.0
1995,35,2,6.87,55.965,7.987,0.0,0.0
1995,35,3,6.0,54.249,8.282,0.0,0.0
1995,35,4,5.14,52.079,8.624,0.0,0.0
1995,35,5,3.6,56.555,6.979,0.0,0.0
1995,35,6,2.07,61.405,5.325,0.0,0.0
1995,35,7,0.53,66.77,3.675,0.0,0.0
1995,35,8,-0.089,68.879,3.458,0.0,0.0
1995,35,9,-0.699,70.999,3.254,0.0,0.0
1995,35,10,-1.319,73.246,3.075,0.0,0.0
1995,35,11,-1.569,74.098,2.873,0.0,0.0
1995,35,12,-1.819,74.953,2.701,0.0,0.0
1995,35,13,-2.059,75.761,2.549,0.0,0.0
1995,35,14,-1.349,71.854,2.468,0.0,0.0
1995,35,15,-0.639,68.173,2.433,0.0,62.632
1995,35,16,0.07,64.698,2.435,0.0,181.584
1995,35,17,1.66,56.988,1.79,0.0,281.984
1995,35,18,3.26,50.232,1.487,0.0,379.381
1995,35,19,4.85,44.36,1.718,0.0,290.755
1995,35,20,5.42,45.316,2.488,0.0,297.884
1995,35,21,6.0,46.095,3.33,0.0,275.663
1995,35,22,6.57,46.78,4.2,0.0,270.039
1995,35,23,6.08,50.604,3.429,0.0,179.744
1995,35,24,5.59,54.636,2.706,0.0,78.952
1995,36,1,5.1,58.9,2.045,0.0,0.0
1995,36,2,4.0,61.349,1.795,0.0,0.0
1995,36,3,2.9,63.856,2.22,0.0,0.0
1995,36,4,1.8,66.411,3.048,0.0,0.0
1995,36,5,0.93,69.802,2.802,0.0,0.0
1995,36,6,0.05,73.433,2.879,0.0,0.0
1995,36,7,-0.829,77.279,3.253,0.0,0.0
1995,36,8,-0.879,76.031,3.147,0.0,0.0
1995,36,9,-0.939,74.831,3.092,0.0,0.0
1995,36,10,-0.989,73.561,3.071,0.0,0.0
1995,36,11,-1.139,72.296,3.26,0.0,0.0
1995,36,12,-1.279,70.937,3.463,0.0,0.0
1995,36,13,-1.419,69.542,3.661,0.0,0.0
1995,36,14,-1.299,66.27,3.99,0.0,0.0
1995,36,15,-1.169,63.001,4.332,0.0,53.312
1995,36,16,-1.049,59.828,4.684,0.0,145.392
1995,36,17,-0.349,57.666,4.397,0.0,224.992
1995,36,18,0.36,55.542,4.124,0.0,302.342
1995,36,19,1.06,53.541,3.866,0.0,328.869
1995,36,20,1.56,53.527,3.814,0.0,336.977
1995,36,21,2.06,53.449,3.787,0.0,312.047
1995,36,22,2.56,53.314,3.794,0.0,266.934
1995,36,23,2.24,56.835,3.074,0.0,178.368
1995,36,24,1.92,60.488,2.425,0.0,79.56
1995,37,1,1.61,64.23,1.918,0.0,0.0
1995,37,2,1.32,64.725,0.672,0.0,0.0
1995,37,3,1.02,65.257,1.041,0.0,0.0
1995,37,4,0.73,65.743,2.37,0.0,0.0
1995,37,5,0.7,67.415,2.582,0.0,0.0
1995,37,6,0.66,69.143,2.895,0.0,0.0
1995,37,7,0.63,70.824,3.287,0.0,0.0
1995,37,8,0.39,73.645,2.799,0.0,0.0
1995,37,9,0.16,76.497,2.313,0.0,0.0
1995,37,10,-0.069,79.417,1.82,0.0,0.0
1995,37,11,-0.849,82.247,2.073,0.0,0.0
1995,37,12,-1.629,85.174,2.418,0.0,0.0
1995,37,13,-2.419,88.253,2.821,0.0,0.0
1995,37,14,-1.5,84.764,2.788,0.0,0.0
1995,37,15,-0.589,81.456,2.996,0.0,65.84
1995,37,16,0.32,78.266,3.383,0.0,208.144
1995,37,17,2.54,69.309,3.122,0.0,320.992
1995,37,18,4.77,61.429,3.482,0.0,430.777
1995,37,19,6.99,54.561,4.312,0.0,499.332
1995,37,20,7.46,50.503,5.151,0.0,511.712
1995,37,21,7.93,46.651,6.01,0.0,474.174
1995,37,22,8.39,43.03,6.875,0.0,355.68
1995,37,23,7.34,46.019,5.994,0.0,238.576
1995,37,24,6.29,49.246,5.148,0.0,108.0
1995,38,1,5.24,52.73,4.366,0.0,0.0
1995,38,2,4.46,54.795,4.233,0.0,0.0
1995,38,3,3.67,56.987,4.222,0.0,0.0
1995,38,4,2.89,59.227,4.331,0.0,0.0
1995,38,5,2.17,62.628,3.78,0.0,0.0
1995,38,6,1.44,66.285,3.23,0.0,0.0
1995,38,7,0.71,70.172,2.681,0.0,0.0
1995,38,8,0.14,71.377,2.554,0.0,0.0
1995,38,9,-0.429,72.585,2.673,0.0,0.0
1995,38,10,-1.009,73.828,3.008,0.0,0.0
1995,38,11,-1.399,74.74,3.234,0.0,0.0
1995,38,12,-1.779,75.604,3.472,0.0,0.0
1995,38,13,-2.169,76.508,3.725,0.0,0.0
1995,38,14,-1.479,68.4,5.501,0.0,0.0
1995,38,15,-0.799,60.952,7.44,0.0,48.928
1995,38,16,-0.119,54.075,9.452,0.0,120.992
1995,38,17,0.14,50.849,9.429,0.0,185.92
1995,38,18,0.39,47.765,9.433,0.0,249.185
1995,38,19,0.65,44.741,9.473,0.0,332.95
1995,38,20,0.7,44.985,9.335,0.0,341.24
1995,38,21,0.76,45.2,9.232,0.0,316.427
1995,38,22,0.82,45.406,9.163,0.0,310.343
1995,38,23,0.31,47.041,8.518,0.0,208.928
1995,38,24,-0.189,48.711,7.899,0.0,95.936
1995,39,1,-0.699,50.492,7.282,0.0,0.0
1995,39,2,-1.169,51.427,6.713,0.0,0.0
1995,39,3,-1.649,52.419,6.147,0.0,0.0
1995,39,4,-2.129,53.426,5.584,0.0,0.0
1995,39,5,-2.75,55.589,5.183,0.0,0.0
1995,39,6,-3.359,57.805,4.807,0.0,0.0
1995,39,7,-3.979,60.176,4.431,0.0,0.0
1995,39,8,-4.399,61.042,4.115,0.0,0.0
1995,39,9,-4.829,61.962,3.816,0.0,0.0
1995,39,10,-5.25,62.847,3.53,0.0,0.0
1995,39,11,-5.829,64.715,3.003,0.0,0.0
1995,39,12,-6.409,66.654,2.483,0.0,0.0
1995,39,13,-6.989,68.637,1.997,0.0,0.0
1995,39,14,-6.299,61.434,1.82,0.0,0.0
1995,39,15,-5.619,54.845,1.797,0.0,71.776
1995,39,16,-4.939,48.768,1.924,0.0,209.92
1995,39,17,-3.389,42.883,1.752,0.0,321.453
1995,39,18,-1.839,37.763,1.646,0.0,430.24
1995,39,19,-0.279,33.268,1.621,0.0,463.386
1995,39,20,0.5,32.52,1.385,0.0,474.96
1995,39,21,1.27,31.784,1.448,0.0,440.687
1995,39,22,2.05,31.017,1.786,0.0,363.272
1995,39,23,0.91,34.581,2.398,0.0,245.456
1995,39,24,-0.239,38.579,3.032,0.0,114.256
1995,40,1,-1.389,43.039,3.692,0.0,0.0
1995,40,2,-1.789,43.328,3.508,0.0,0.0
1995,40,3,-2.199,43.627,3.325,0.0,0.0
1995,40,4,-2.609,43.906,3.143,0.0,0.0
1995,40,5,-2.779,45.502,3.009,0.0,0.0
1995,40,6,-2.949,47.139,2.865,0.0,0.0
1995,40,7,-3.119,48.8,2.731,0.0,0.0
1995,40,8,-3.089,49.736,2.81,0.0,0.0
1995,40,9,-3.059,50.658,2.898,0.0,0.0
1995,40,10,-3.039,51.616,2.979,0.0,0.0
1995,40,11,-2.779,51.503,3.339,0.0,0.0
1995,40,12,-2.519,51.379,3.714,0.0,0.0
1995,40,13,-2.259,51.24,4.086,0.0,0.0
1995,40,14,-1.209,48.687,4.36,0.0,0.0
1995,40,15,-0.169,46.301,4.689,0.0,44.512
1995,40,16,0.87,44.026,5.067,0.0,122.384
1995,40,17,2.48,44.198,5.042,0.0,186.741
1995,40,18,4.09,43.869,5.033,0.0,249.593
1995,40,19,5.71,43.121,5.047,0.0,269.917
1995,40,20,6.32,44.249,4.791,0.0,276.67
1995,40,21,6.93,45.214,4.548,0.0,256.858
1995,40,22,7.54,46.024,4.335,0.0,273.276
1995,40,23,6.7,50.46,4.017,0.0,185.296
1995,40,24,5.86,55.277,3.693,0.0,87.4
1995,41,1,5.03,60.466,3.393,0.0,0.0
1995,41,2,4.35,62.548,3.456,0.0,0.0
1995,41,3,3.67,64.701,3.514,0.0,0.0
1995,41,4,2.99,66.93,3.569,0.0,0.0
1995,41,5,2.24,70.334,3.594,0.0,0.0
1995,41,6,1.49,73.934,3.619,0.0,0.0
1995,41,7,0.75,77.69,3.636,0.0,0.0
1995,41,8,0.42,78.978,3.358,0.0,0.0
1995,41,9,0.09,80.29,3.218,0.0,0.0
1995,41,10,-0.239,81.624,3.235,0.0,0.0
1995,41,11,-0.159,80.516,2.945,0.0,0.0
1995,41,12,-0.069,79.366,2.661,0.0,0.0
1995,41,13,0.01,78.277,2.406,0.0,0.0
1995,41,14,1.1,73.243,2.354,0.0,0.0
1995,41,15,2.19,68.564,3.265,0.0,61.008
1995,41,16,3.28,64.223,4.598,0.0,107.648
1995,41,17,3.67,60.288,5.07,0.0,163.629
1995,41,18,4.07,56.477,5.691,0.0,218.405
1995,41,19,4.47,52.835,6.436,0.0,374.801
1995,41,20,4.5,51.512,6.419,0.0,384.194
1995,41,21,4.53,50.198,6.403,0.0,356.9
1995,41,22,4.57,48.855,6.388,0.0,283.843
1995,41,23,3.42,51.344,5.591,0.0,193.12
1995,41,24,2.27,53.947,4.792,0.0,92.248
1995,42,1,1.12,56.668,4.007,0.0,0.0
1995,42,2,1.12,55.264,3.891,0.0,0.0
1995,42,3,1.13,53.825,3.792,0.0,0.0
1995,42,4,1.13,52.415,3.719,0.0,0.0
1995,42,5,0.78,53.718,3.408,0.0,0.0
1995,42,6,0.44,55.01,3.111,0.0,0.0
1995,42,7,0.09,56.381,2.83,0.0,0.0
1995,42,8,-0.219,57.259,2.978,0.0,0.0
1995,42,9,-0.529,58.15,3.218,0.0,0.0
1995,42,10,-0.829,59.01,3.527,0.0,0.0
1995,42,11,-0.939,58.925,2.974,0.0,0.0
1995,42,12,-1.039,58.79,2.449,0.0,0.0
1995,42,13,-1.149,58.694,1.96,0.0,0.0
1995,42,14,-1.019,50.837,3.488,0.005,0.0
1995,42,15,-0.879,43.083,5.064,0.007,29.872
1995,42,16,-0.75,35.482,6.64,0.007,92.56
1995,42,17,-0.989,34.038,6.72,0.004,140.198
1995,42,18,-1.229,32.526,6.815,0.0,186.869
1995,42,19,-1.479,30.97,6.914,0.003,377.658
1995,42,20,-1.519,28.483,7.076,0.0,387.128
1995,42,21,-1.559,25.977,7.256,0.0,359.82
1995,42,22,-1.609,23.485,7.451,0.0,300.361
1995,42,23,-2.459,24.499,6.604,0.0,205.056
1995,42,24,-3.309,25.56,5.769,0.0,99.152
1995,43,1,-4.159,26.664,4.927,0.0,0.0
1995,43,2,-4.5,27.214,4.699,0.0,0.0
1995,43,3,-4.829,27.751,4.53,0.0,0.0
1995,43,4,-5.159,28.289,4.411,0.0,0.0
1995,43,5,-5.709,33.115,4.017,0.0,0.0
1995,43,6,-6.25,38.285,3.65,0.0,0.0
1995,43,7,-6.799,43.85,3.344,0.0,0.0
1995,43,8,-6.939,42.578,3.134,0.0,0.0
1995,43,9,-7.089,41.277,2.968,0.0,0.0
1995,43,10,-7.229,39.922,2.838,0.0,0.0
1995,43,11,-7.279,40.418,2.561,0.0,0.0
1995,43,12,-7.329,40.894,2.284,0.0,0.0
1995,43,13,-7.379,41.387,2.008,0.0,0.0
1995,43,14,-7.149,39.742,2.32,0.0,0.0
1995,43,15,-6.919,38.142,2.638,0.0,31.248
1995,43,16,-6.699,36.611,2.955,0.0,104.64
1995,43,17,-6.229,37.069,2.708,0.0,157.913
1995,43,18,-5.759,37.469,2.502,0.0,210.179
1995,43,19,-5.289,37.78,2.344,0.0,165.866
1995,43,20,-5.069,39.163,2.49,0.0,170.03
1995,43,21,-4.859,40.504,2.797,0.0,158.119
1995,43,22,-4.639,41.773,3.219,0.0,97.461
1995,43,23,-4.639,43.671,2.973,0.0,66.752
1995,43,24,-4.639,45.568,2.861,0.0,32.664
1995,44,1,-4.639,47.475,2.884,0.0,0.0
1995,44,2,-4.519,47.174,2.782,0.0,0.0
1995,44,3,-4.399,46.874,2.691,0.0,0.0
1995,44,4,-4.279,46.57,2.592,0.0,0.0
1995,44,5,-4.319,48.577,2.172,0.0,0.0
1995,44,6,-4.369,50.651,1.77,0.0,0.0
1995,44,7,-4.409,52.697,1.402,0.0,0.0
1995,44,8,-4.559,60.724,1.462,0.104,0.0
1995,44,9,-4.699,68.89,1.744,0.0,0.0
1995,44,10,-4.849,77.261,2.163,0.0,0.0
1995,44,11,-4.869,78.653,2.013,0.0,0.0
1995,44,12,-4.889,80.031,1.951,0.0,0.0
1995,44,13,-4.909,81.417,1.977,0.0,0.0
1995,44,14,-4.439,74.198,1.534,0.0,0.0
1995,44,15,-3.969,67.377,1.112,0.0,36.264
1995,44,16,-3.5,60.96,0.735,0.0,69.232
1995,44,17,-3.419,64.451,1.39,0.588,104.097
1995,44,18,-3.329,67.857,2.08,0.0,138.346
1995,44,19,-3.25,71.259,2.78,0.0,172.039
1995,44,20,-3.0,68.93,3.105,0.0,176.354
1995,44,21,-2.75,66.675,3.456,0.0,164.088
1995,44,22,-2.5,64.473,3.84,0.0,159.391
1995,44,23,-2.689,65.761,3.201,0.0,109.52
1995,44,24,-2.869,67.012,2.569,0.0,54.2
1995,45,1,-3.059,68.349,1.98,0.0,0.0
1995,45,2,-3.189,66.583,2.009,0.0,0.0
1995,45,3,-3.319,64.775,2.059,0.0,0.0
1995,45,4,-3.459,62.964,2.146,0.0,0.0
1995,45,5,-3.379,62.887,2.495,0.0,0.0
1995,45,6,-3.309,62.843,2.861,0.0,0.0
1995,45,7,-3.239,62.8,3.218,0.0,0.0
1995,45,8,-3.169,63.034,2.996,0.0,0.0
1995,45,9,-3.099,63.27,2.82,0.0,0.0
1995,45,10,-3.029,63.496,2.705,0.0,0.0
1995,45,11,-2.959,66.078,2.991,0.0,0.0
1995,45,12,-2.889,68.644,3.287,0.0,0.0
1995,45,13,-2.819,71.169,3.585,0.0,0.0
1995,45,14,-2.549,74.555,3.829,0.0,0.0
1995,45,15,-2.279,77.775,4.25,0.0,19.112
1995,45,16,-2.009,80.83,4.808,0.172,43.088
1995,45,17,-1.509,81.213,5.246,0.197,64.556
1995,45,18,-1.019,81.531,5.751,0.0,85.669
1995,45,19,-0.519,81.679,6.282,0.0,117.567
1995,45,20,-0.209,83.525,6.283,0.285,120.505
1995,45,21,0.09,85.299,6.285,0.545,112.188
1995,45,22,0.4,86.896,6.287,0.077,168.593
1995,45,23,0.34,88.773,6.01,0.092,116.208
1995,45,24,0.28,90.662,5.78,0.118,58.136
1995,46,1,0.22,92.569,5.592,0.081,0.0
1995,46,2,0.2,93.603,5.956,0.048,0.0
1995,46,3,0.18,94.651,6.411,0.27,0.0
1995,46,4,0.15,95.758,6.95,0.0,0.0
1995,46,5,0.42,96.23,7.21,0.21,0.0
1995,46,6,0.69,96.656,7.471,0.0,0.0
1995,46,7,0.96,97.022,7.732,0.045,0.0
1995,46,8,1.29,96.876,7.15,0.0,0.0
1995,46,9,1.62,96.677,6.624,0.0,0.0
1995,46,10,1.95,96.448,6.169,0.146,0.0
1995,46,11,1.44,97.239,4.973,0.0,0.0
1995,46,12,0.94,97.9,4.006,0.0,0.0
1995,46,13,0.43,98.559,3.448,0.0,0.0
1995,46,14,0.91,94.91,3.291,0.083,0.0
1995,46,15,1.4,91.339,4.653,0.024,44.528
1995,46,16,1.88,87.971,6.642,0.0,87.68
1995,46,17,1.43,85.579,6.682,0.0,130.858
1995,46,18,0.97,82.999,6.826,0.019,173.394
1995,46,19,0.52,80.089,7.051,0.0,232.8
1995,46,20,0.87,74.031,6.507,0.0,238.611
1995,46,21,1.21,68.283,5.973,0.0,222.233
1995,46,22,1.56,62.724,5.443,0.0,384.282
1995,46,23,0.77,64.892,4.74,0.0,265.696
1995,46,24,-0.019,67.114,4.049,0.0,134.32
1995,47,1,-0.809,69.396,3.388,0.0,0.0
1995,47,2,-1.5,70.018,3.259,0.0,0.0
1995,47,3,-2.189,70.523,3.151,0.0,0.0
1995,47,4,-2.869,70.857,3.054,0.004,0.0
1995,47,5,-3.349,73.092,2.932,0.0,0.0
1995,47,6,-3.829,75.4,2.829,0.0,0.0
1995,47,7,-4.299,77.746,2.757,0.0,0.0
1995,47,8,-4.429,77.131,3.038,0.0,0.0
1995,47,9,-4.549,76.435,3.323,0.0,0.0
1995,47,10,-4.679,75.781,3.606,0.0,0.0
1995,47,11,-4.769,75.739,3.61,0.0,0.0
1995,47,12,-4.869,75.765,3.625,0.0,0.0
1995,47,13,-4.969,75.771,3.651,0.0,0.0
1995,47,14,-3.949,68.058,3.758,0.0,0.0
1995,47,15,-2.939,61.154,3.866,0.0,80.416
1995,47,16,-1.919,54.877,3.983,0.0,159.088
1995,47,17,-0.579,51.198,3.96,0.0,236.523
1995,47,18,0.77,47.748,4.062,0.0,312.936
1995,47,19,2.12,44.545,4.263,0.0,499.351
1995,47,20,3.23,42.808,3.863,0.0,511.792
1995,47,21,4.35,41.069,3.463,0.0,476.866
1995,47,22,5.47,39.379,3.063,0.0,410.131
1995,47,23,4.46,41.835,2.733,0.0,284.416
1995,47,24,3.45,44.46,2.468,0.0,145.264
1995,48,1,2.44,47.282,2.292,0.0,0.0
1995,48,2,1.95,46.132,1.941,0.0,0.0
1995,48,3,1.46,44.851,1.614,0.0,0.0
1995,48,4,0.97,43.424,1.351,0.0,0.0
1995,48,5,0.55,45.702,1.294,0.0,0.0
1995,48,6,0.13,48.087,1.246,0.0,0.0
1995,48,7,-0.289,50.58,1.194,0.0,0.0
1995,48,8,-0.569,52.198,1.158,0.0,0.0
1995,48,9,-0.849,53.872,1.192,0.0,0.0
1995,48,10,-1.119,55.543,1.288,0.0,0.0
1995,48,11,-1.639,58.412,1.419,0.0,0.0
1995,48,12,-2.149,61.373,1.638,0.0,0.0
1995,48,13,-2.669,64.531,1.928,0.0,0.0
1995,48,14,-1.559,61.879,1.594,0.0,0.0
1995,48,15,-0.449,59.294,1.317,0.0,94.896
1995,48,16,0.65,56.817,1.124,0.0,243.04
1995,48,17,3.15,52.019,1.869,0.0,360.006
1995,48,18,5.65,47.436,2.626,0.0,475.584
1995,48,19,8.15,43.124,3.377,0.0,545.767
1995,48,20,8.94,41.81,3.752,0.0,559.307
1995,48,21,9.72,40.561,4.136,0.0,521.368
1995,48,22,10.51,39.311,4.526,0.0,416.762
1995,48,23,8.9,43.375,4.352,0.0,289.84
1995,48,24,7.29,47.93,4.2,0.0,149.488
1995,49,1,5.68,53.026,4.077,0.0,0.0
1995,49,2,4.53,53.985,4.036,0.0,0.0
1995,49,3,3.39,54.726,4.023,0.0,0.0
1995,49,4,2.24,55.312,4.019,0.0,0.0
1995,49,5,1.54,57.883,3.908,0.0,0.0
1995,49,6,0.84,60.593,3.803,0.0,0.0
1995,49,7,0.15,63.409,3.697,0.0,0.0
1995,49,8,-0.279,66.284,3.625,0.0,0.0
1995,49,9,-0.709,69.294,3.567,0.0,0.0
1995,49,10,-1.139,72.427,3.511,0.0,0.0
1995,49,11,-1.379,73.718,3.436,0.0,0.0
1995,49,12,-1.629,75.089,3.372,0.0,0.0
1995,49,13,-1.869,76.427,3.321,0.0,0.0
1995,49,14,-0.329,70.853,3.707,0.0,0.0
1995,49,15,1.22,65.647,4.103,0.0,97.224
1995,49,16,2.76,60.882,4.488,0.0,244.832
1995,49,17,5.49,53.867,5.273,0.0,361.283
1995,49,18,8.22,47.646,6.063,0.0,476.553
1995,49,19,10.94,42.171,6.87,0.0,545.63
1995,49,20,11.88,41.417,7.157,0.0,559.107
1995,49,21,12.81,40.646,7.446,0.0,521.4
1995,49,22,13.74,39.831,7.734,0.0,414.554
1995,49,23,12.19,44.664,6.65,0.0,289.136
1995,49,24,10.64,50.133,5.57,0.0,150.544
1995,50,1,9.09,56.337,4.503,0.0,0.0
1995,50,2,7.94,59.236,4.249,0.0,0.0
1995,50,3,6.79,62.271,3.996,0.0,0.0
1995,50,4,5.63,65.495,3.745,0.0,0.0
1995,50,5,5.12,66.634,3.518,0.0,0.0
1995,50,6,4.61,67.777,3.3,0.0,0.0
1995,50,7,4.1,68.918,3.117,0.0,0.0
1995,50,8,3.77,70.126,2.147,0.0,0.0
1995,50,9,3.44,71.348,1.883,0.0,0.0
1995,50,10,3.11,72.593,2.542,0.0,0.0
1995,50,11,2.56,73.928,2.414,0.0,0.0
1995,50,12,2.0,75.325,2.715,0.0,0.0
1995,50,13,1.44,76.73,3.333,0.0,0.0
1995,50,14,2.67,73.48,3.722,0.0,0.0
1995,50,15,3.89,70.353,4.22,0.0,97.216
1995,50,16,5.12,67.253,4.78,0.0,245.04
1995,50,17,6.98,61.757,4.635,0.0,360.26
1995,50,18,8.84,56.718,4.496,0.0,474.447
1995,50,19,10.7,52.094,4.363,0.0,547.121
1995,50,20,11.85,48.796,4.181,0.0,560.56
1995,50,21,13.01,45.699,4.044,0.0,522.965
1995,50,22,14.16,42.852,3.959,0.0,416.315
1995,50,23,13.37,43.545,3.093,0.0,291.152
1995,50,24,12.58,44.208,2.354,0.0,152.992
1995,51,1,11.78,44.866,1.859,0.0,0.0
1995,51,2,11.07,44.164,1.647,0.0,0.0
1995,51,3,10.35,43.328,1.552,0.0,0.0
1995,51,4,9.63,42.317,1.576,0.0,0.0
1995,51,5,8.16,46.634,2.313,0.0,0.0
1995,51,6,6.69,51.455,3.192,0.0,0.0
1995,51,7,5.22,56.838,4.112,0.0,0.0
1995,51,8,4.55,59.651,4.103,0.0,0.0
1995,51,9,3.87,62.668,4.087,0.0,0.0
1995,51,10,3.19,65.845,4.08,0.0,0.0
1995,51,11,2.76,67.975,4.069,0.0,0.0
1995,51,12,2.32,70.23,4.057,0.0,0.0
1995,51,13,1.88,72.568,4.06,0.0,0.0
1995,51,14,3.35,68.39,3.82,0.0,0.0
1995,51,15,4.82,64.405,3.881,0.0,99.744
1995,51,16,6.29,60.618,4.237,0.0,243.136
1995,51,17,9.75,55.9,4.038,0.0,356.133
1995,51,18,13.21,50.809,4.566,0.0,468.285
1995,51,19,16.67,45.739,5.597,0.0,536.831
1995,51,20,17.59,40.392,6.422,0.0,549.947
1995,51,21,18.5,35.538,7.262,0.0,513.248
1995,51,22,19.41,31.111,8.113,0.0,416.865
1995,51,23,17.63,33.018,6.89,0.0,292.32
1995,51,24,15.84,35.017,5.67,0.0,154.96
1995,52,1,14.05,37.075,4.46,0.0,0.312
1995,52,2,12.62,39.617,4.412,0.0,0.0
1995,52,3,11.19,42.345,4.4,0.0,0.0
1995,52,4,9.75,45.295,4.422,0.0,0.0
1995,52,5,8.54,48.654,4.18,0.0,0.0
1995,52,6,7.33,52.293,3.954,0.0,0.0
1995,52,7,6.12,56.244,3.726,0.0,0.0
1995,52,8,5.33,58.369,3.334,0.0,0.0
1995,52,9,4.53,60.625,2.954,0.0,0.0
1995,52,10,3.73,62.958,2.565,0.0,0.0
1995,52,11,3.19,64.457,2.144,0.0,0.0
1995,52,12,2.66,65.94,1.919,0.0,0.0
1995,52,13,2.12,67.499,1.958,0.0,0.0
1995,52,14,2.86,65.487,1.395,0.0,0.0
1995,52,15,3.59,63.57,0.861,0.0,71.664
1995,52,16,4.33,61.652,0.48,0.0,139.392
1995,52,17,5.88,55.776,0.762,0.0,203.416
1995,52,18,7.42,50.561,1.3,0.0,267.059
1995,52,19,8.97,45.857,1.876,0.0,462.322
1995,52,20,10.76,42.517,2.699,0.0,473.546
1995,52,21,12.55,39.406,3.532,0.0,442.103
1995,52,22,14.34,36.518,4.355,0.0,413.485
1995,52,23,13.51,40.044,4.249,0.0,290.72
1995,52,24,12.68,43.865,4.144,0.0,155.44
1995,53,1,11.86,47.968,4.048,0.0,0.736
1995,53,2,10.72,50.884,4.048,0.0,0.0
1995,53,3,9.58,54.0,4.08,0.0,0.0
1995,53,4,8.45,57.292,4.154,0.0,0.0
1995,53,5,7.72,59.413,4.148,0.0,0.0
1995,53,6,7.0,61.575,4.139,0.0,0.0
1995,53,7,6.27,63.863,4.133,0.0,0.0
1995,53,8,5.62,66.444,4.137,0.0,0.0
1995,53,9,4.97,69.146,4.145,0.0,0.0
1995,53,10,4.32,71.972,4.144,0.0,0.0
1995,53,11,3.74,74.396,4.025,0.0,0.0
1995,53,12,3.15,76.967,3.908,0.0,0.0
1995,53,13,2.56,79.638,3.801,0.0,0.0
1995,53,14,4.31,73.628,4.278,0.0,0.0
1995,53,15,6.06,68.054,4.774,0.0,106.032
1995,53,16,7.81,62.9,5.283,0.0,246.304
1995,53,17,10.95,54.848,5.942,0.0,358.126
1995,53,18,14.09,47.822,6.601,0.0,469.41
1995,53,19,17.24,41.688,7.261,0.0,533.141
1995,53,20,18.75,39.658,7.547,0.0,545.985
1995,53,21,20.26,37.691,7.84,0.0,509.894
1995,53,22,21.76,35.814,8.125,0.0,409.991
1995,53,23,20.54,39.543,6.967,0.0,288.992
1995,53,24,19.33,43.639,5.795,0.0,155.792
1995,54,1,18.11,48.194,4.629,0.0,4.464
1995,54,2,16.64,51.554,4.687,0.0,0.0
1995,54,3,15.16,55.208,4.75,0.0,0.0
1995,54,4,13.69,59.1,4.818,0.0,0.0
1995,54,5,12.61,62.815,4.467,0.0,0.0
1995,54,6,11.53,66.801,4.126,0.0,0.0
1995,54,7,10.46,71.026,3.792,0.0,0.0
1995,54,8,9.69,73.304,3.365,0.0,0.0
1995,54,9,8.93,75.588,3.041,0.0,0.0
1995,54,10,8.16,77.986,2.871,0.0,0.0
1995,54,11,7.48,79.175,1.695,0.0,0.0
1995,54,12,6.79,80.372,2.071,0.0,0.0
1995,54,13,6.11,81.461,3.54,0.0,0.0
1995,54,14,7.03,78.174,3.885,0.0,0.0
1995,54,15,7.94,75.069,4.237,0.0,108.8
1995,54,16,8.86,72.043,4.611,0.0,256.959
1995,54,17,10.9,62.675,4.963,0.0,372.259
1995,54,18,12.94,54.642,5.311,0.0,487.177
1995,54,19,14.98,47.741,5.677,0.0,558.556
1995,54,20,15.65,42.634,5.496,0.0,571.919
1995,54,21,16.32,37.879,5.322,0.0,534.282
1995,54,22,16.99,33.455,5.16,0.0,427.231
1995,54,23,15.71,36.013,4.576,0.0,301.904
1995,54,24,14.42,38.818,3.999,0.0,164.048
1995,55,1,13.14,41.852,3.417,0.0,4.152
1995,55,2,11.62,44.613,3.684,0.0,0.0
1995,55,3,10.1,47.551,3.957,0.0,0.0
1995,55,4,8.57,50.695,4.24,0.0,0.0
1995,55,5,7.31,52.58,4.15,0.0,0.0
1995,55,6,6.04,54.483,4.063,0.0,0.0
1995,55,7,4.78,56.296,3.989,0.0,0.0
1995,55,8,3.64,58.488,3.819,0.0,0.0
1995,55,9,2.49,60.73,3.653,0.0,0.0
1995,55,10,1.35,62.939,3.483,0.0,0.0
1995,55,11,0.57,64.381,3.342,0.0,0.0
1995,55,12,-0.199,65.769,3.224,0.0,0.0
1995,55,13,-0.979,67.168,3.102,0.0,0.0
1995,55,14,0.2,63.171,2.475,0.0,0.0
1995,55,15,1.37,59.475,1.875,0.0,114.152
1995,55,16,2.55,55.971,1.385,0.0,262.688
1995,55,17,4.21,48.735,1.616,0.0,379.17
1995,55,18,5.87,42.476,2.242,0.0,495.43
1995,55,19,7.53,37.065,3.02,0.0,563.043
1995,55,20,8.56,35.27,3.324,0.0,576.399
1995,55,21,9.59,33.565,3.846,0.0,538.629
1995,55,22,10.62,31.951,4.495,0.0,430.764
1995,55,23,10.06,35.259,4.28,0.0,305.136
1995,55,24,9.51,38.742,4.086,0.0,167.088
1995,56,1,8.95,42.472,3.917,0.0,4.856
1995,56,2,7.91,45.723,3.98,0.0,0.0
1995,56,3,6.87,49.251,4.06,0.0,0.0
1995,56,4,5.83,53.08,4.168,0.0,0.0
1995,56,5,5.34,55.279,4.42,0.0,0.0
1995,56,6,4.85,57.566,4.667,0.0,0.0
1995,56,7,4.37,59.915,4.916,0.0,0.0
1995,56,8,4.18,61.402,5.13,0.0,0.0
1995,56,9,3.99,62.917,5.357,0.0,0.0
1995,56,10,3.81,64.415,5.578,0.0,0.0
1995,56,11,3.37,67.381,5.496,0.0,0.0
1995,56,12,2.94,70.43,5.406,0.0,0.0
1995,56,13,2.51,73.602,5.326,0.0,0.0
1995,56,14,4.05,68.817,5.996,0.0,0.0
1995,56,15,5.59,64.324,6.679,0.0,114.832
1995,56,16,7.13,60.107,7.38,0.0,261.92
1995,56,17,10.07,55.74,8.002,0.0,376.685
1995,56,18,13.01,51.223,8.638,0.0,491.394
1995,56,19,15.95,46.764,9.265,0.0,557.953
1995,56,20,17.33,47.164,9.577,0.0,571.064
1995,56,21,18.71,47.2,9.89,0.0,533.79
1995,56,22,20.1,46.905,10.209,0.0,424.435
1995,56,23,19.3,50.568,9.398,0.0,301.36
1995,56,24,18.51,54.463,8.606,0.0,166.256
1995,57,1,17.72,58.642,7.843,0.0,4.656
1995,57,2,16.43,62.471,7.825,0.0,0.0
1995,57,3,15.14,66.58,7.815,0.0,0.0
1995,57,4,13.85,70.994,7.806,0.0,0.0
1995,57,5,13.02,73.924,7.619,0.0,0.0
1995,57,6,12.18,77.037,7.447,0.0,0.0
1995,57,7,11.34,80.295,7.274,0.0,0.0
1995,57,8,10.73,82.258,6.664,0.0,0.0
1995,57,9,10.12,84.264,6.057,0.0,0.0
1995,57,10,9.51,86.311,5.437,0.0,0.0
1995,57,11,9.24,87.369,5.639,0.0,0.0
1995,57,12,8.98,88.379,5.841,1.018,0.0
1995,57,13,8.72,89.4,6.056,0.0,0.0
1995,57,14,9.18,88.58,6.415,0.029,0.0
1995,57,15,9.64,87.74,6.777,0.0,74.272
1995,57,16,10.1,86.878,7.14,0.0,151.568
1995,57,17,11.51,82.778,7.56,0.0,217.191
1995,57,18,12.93,78.743,8.054,0.472,282.89
1995,57,19,14.34,74.895,8.6,0.473,324.408
1995,57,20,15.01,75.217,8.113,0.675,331.966
1995,57,21,15.67,75.433,7.672,1.517,310.369
1995,57,22,16.33,75.512,7.286,2.017,253.561
1995,57,23,15.95,78.593,5.67,1.26,180.448
1995,57,24,15.56,81.836,4.077,0.036,100.272
1995,58,1,15.18,85.148,2.552,0.225,4.856
1995,58,2,14.19,88.534,2.612,0.229,0.0
1995,58,3,13.2,92.042,2.676,0.038,0.0
1995,58,4,12.22,95.603,2.751,0.126,0.0
1995,58,5,12.0,96.055,2.401,0.046,0.0
1995,58,6,11.79,96.435,2.263,0.875,0.0
1995,58,7,11.57,96.876,2.361,1.242,0.0
1995,58,8,11.46,96.54,1.746,1.024,0.0
1995,58,9,11.35,96.197,1.194,0.878,0.0
1995,58,10,11.23,95.902,0.837,0.591,0.0
1995,58,11,10.87,96.273,1.464,0.051,0.0
1995,58,12,10.51,96.609,2.134,0.219,0.0
1995,58,13,10.14,96.975,2.808,0.032,0.0
1995,58,14,10.64,93.08,3.359,0.0,0.0
1995,58,15,11.15,89.29,3.98,0.0,96.24
1995,58,16,11.65,85.715,4.652,0.014,154.0
1995,58,17,11.88,81.769,5.237,0.015,219.901
1995,58,18,12.12,77.873,5.865,0.0,285.944
1995,58,19,12.35,74.127,6.518,0.0,395.876
1995,58,20,12.93,71.215,5.891,0.0,405.001
1995,58,21,13.51,68.429,5.275,0.0,378.759
1995,58,22,14.09,65.762,4.682,0.0,367.688
1995,58,23,13.55,66.464,4.946,0.0,262.256
1995,58,24,13.0,67.179,5.216,0.0,146.752
1995,59,1,12.46,67.827,5.494,0.0,9.864
1995,59,2,10.88,69.372,5.766,0.0,0.0
1995,59,3,9.3,70.516,6.08,0.0,0.0
1995,59,4,7.72,71.122,6.413,0.0,0.0
1995,59,5,6.85,72.935,6.31,0.0,0.0
1995,59,6,5.97,74.777,6.212,0.0,0.0
1995,59,7,5.09,76.604,6.111,0.0,0.0
1995,59,8,4.54,77.298,6.325,0.0,0.0
1995,59,9,3.99,77.944,6.57,0.0,0.0
1995,59,10,3.44,78.533,6.843,0.0,0.0
1995,59,11,2.99,78.423,6.74,0.0,0.0
1995,59,12,2.53,78.292,6.641,0.0,0.0
1995,59,13,2.07,78.074,6.542,0.0,0.0
1995,59,14,1.56,77.301,6.748,0.0,0.032
1995,59,15,1.06,76.3,6.979,0.028,47.144
1995,59,16,0.55,75.174,7.235,0.0,125.84
1995,59,17,0.9,72.544,7.436,0.0,179.049
1995,59,18,1.26,69.946,7.673,0.0,232.445
1995,59,19,1.61,67.484,7.937,0.0,212.198
1995,59,20,1.17,67.402,8.181,0.0,217.04
1995,59,21,0.73,67.251,8.432,0.0,203.01
1995,59,22,0.29,67.024,8.706,0.0,142.79
1995,59,23,-0.279,65.754,8.292,0.0,102.064
1995,59,24,-0.839,64.219,7.902,0.0,57.504
1995,60,1,-1.409,62.497,7.533,0.0,6.792
1995,60,2,-1.689,61.171,7.39,0.0,0.0
1995,60,3,-1.959,59.716,7.251,0.0,0.0
1995,60,4,-2.239,58.218,7.108,0.0,0.0
1995,60,5,-2.479,57.996,6.955,0.0,0.0
1995,60,6,-2.709,57.712,6.799,0.0,0.0
1995,60,7,-2.939,57.399,6.659,0.0,0.0
1995,60,8,-3.129,57.602,6.74,0.0,0.0
1995,60,9,-3.329,57.849,6.834,0.0,0.0
1995,60,10,-3.529,58.092,6.915,0.0,0.0
1995,60,11,-3.75,57.58,6.844,0.0,0.0
1995,60,12,-3.969,57.037,6.803,0.0,0.0
1995,60,13,-4.189,56.458,6.776,0.0,0.0
1995,60,14,-4.109,54.43,7.02,0.0,1.196
1995,60,15,-4.019,52.369,7.274,0.0,51.128
1995,60,16,-3.929,50.326,7.542,0.0,129.696
1995,60,17,-3.619,49.843,7.494,0.0,191.378
1995,60,18,-3.309,49.353,7.45,0.0,241.247
1995,60,19,-2.989,48.824,7.428,0.0,320.892
1995,60,20,-2.669,47.559,7.301,0.0,330.18
1995,60,21,-2.359,46.346,7.178,0.0,309.792
1995,60,22,-2.039,45.145,7.051,0.0,295.753
1995,60,23,-2.159,46.642,6.701,0.0,206.368
1995,60,24,-2.279,48.163,6.356,0.0,117.024
1995,61,1,-2.409,49.747,6.014,0.0,10.816
1995,61,2,-3.289,58.465,5.631,0.0,0.0
1995,61,3,-4.169,68.168,5.267,0.0,0.0
1995,61,4,-5.059,79.02,4.894,0.757,0.0
1995,61,5,-5.299,80.636,4.959,0.342,0.0
1995,61,6,-5.539,82.291,5.052,0.0,0.0
1995,61,7,-5.779,83.991,5.144,0.0,0.0
1995,61,8,-5.869,83.506,5.155,0.0,0.0
1995,61,9,-5.949,82.947,5.16,0.0,0.0
1995,61,10,-6.029,82.378,5.176,0.0,0.0
1995,61,11,-6.089,81.897,4.94,0.0,0.0
1995,61,12,-6.139,81.332,4.704,0.0,0.0
1995,61,13,-6.189,80.778,4.469,0.0,0.0
1995,61,14,-5.919,80.091,4.77,0.0,3.432
1995,61,15,-5.649,79.395,5.081,0.0,75.632
1995,61,16,-5.379,78.707,5.386,0.0,169.344
1995,61,17,-4.75,73.961,4.982,0.0,249.032
1995,61,18,-4.119,69.493,4.657,0.0,313.411
1995,61,19,-3.489,65.315,4.425,0.0,349.168
1995,61,20,-3.089,64.443,4.02,0.689,359.172
1995,61,21,-2.689,63.571,3.642,0.0,337.067
1995,61,22,-2.289,62.696,3.297,0.0,281.839
1995,61,23,-2.449,64.319,3.401,0.525,197.08
1995,61,24,-2.609,65.978,3.518,0.082,112.464
1995,62,1,-2.769,67.667,3.642,0.0,9.336
1995,62,2,-2.889,66.026,3.13,0.0,0.0
1995,62,3,-3.009,64.345,2.623,0.0,0.0
1995,62,4,-3.129,62.645,2.124,0.0,0.0
1995,62,5,-3.209,63.947,1.983,0.0,0.0
1995,62,6,-3.289,65.265,1.835,0.0,0.0
1995,62,7,-3.369,66.599,1.687,0.0,0.0
1995,62,8,-3.429,65.959,1.4,0.0,0.0
1995,62,9,-3.489,65.294,1.142,0.0,0.0
1995,62,10,-3.539,64.593,0.924,0.0,0.0
1995,62,11,-3.509,64.223,1.078,0.0,0.0
1995,62,12,-3.469,63.818,1.271,0.0,0.0
1995,62,13,-3.439,63.465,1.482,0.0,0.0
1995,62,14,-3.029,62.553,1.116,0.0,4.728
1995,62,15,-2.609,61.611,0.972,0.0,70.944
1995,62,16,-2.199,60.718,1.137,0.0,154.352
1995,62,17,-1.399,59.751,1.296,0.0,226.175
1995,62,18,-0.599,58.702,1.445,0.0,284.204
1995,62,19,0.2,57.611,1.605,0.0,358.918
1995,62,20,0.66,57.914,2.063,0.0,369.108
1995,62,21,1.12,58.146,2.528,0.0,346.439
1995,62,22,1.57,58.344,3.013,0.0,260.123
1995,62,23,1.33,61.355,2.951,0.0,182.254
1995,62,24,1.09,64.454,2.918,0.0,104.656
1995,63,1,0.85,67.643,2.912,0.0,11.704
1995,63,2,0.28,69.977,2.564,0.0,0.0
1995,63,3,-0.289,72.394,2.329,0.0,0.0
1995,63,4,-0.859,74.922,2.222,0.0,0.0
1995,63,5,-0.909,76.536,1.835,0.0,0.0
1995,63,6,-0.959,78.151,1.562,0.0,0.0
1995,63,7,-1.009,79.793,1.46,0.0,0.0
1995,63,8,-0.939,79.528,1.959,0.0,0.0
1995,63,9,-0.869,79.263,2.466,0.0,0.0
1995,63,10,-0.799,79.012,2.963,0.0,0.0
1995,63,11,-0.849,82.212,2.5,0.0,0.0
1995,63,12,-0.899,85.434,2.336,0.0,0.0
1995,63,13,-0.949,88.686,2.527,0.0,0.0
1995,63,14,-0.039,85.995,3.245,0.0,9.824
1995,63,15,0.88,83.262,4.153,0.0,112.832
1995,63,16,1.8,80.567,5.142,0.0,212.112
1995,63,17,3.12,76.206,5.042,0.0,309.763
1995,63,18,4.44,72.049,4.936,0.0,388.604
1995,63,19,5.76,68.084,4.844,0.0,397.552
1995,63,20,6.44,66.238,5.432,0.0,408.724
1995,63,21,7.12,64.438,6.023,0.0,383.709
1995,63,22,7.8,62.67,6.621,0.0,318.231
1995,63,23,7.99,65.325,6.31,0.0,223.402
1995,63,24,8.18,67.902,5.993,0.045,129.039
1995,64,1,8.38,70.35,5.682,0.0,17.36
1995,64,2,7.74,73.525,5.177,0.0,0.0
1995,64,3,7.11,76.802,4.701,0.0,0.0
1995,64,4,6.47,80.302,4.272,0.0,0.0
1995,64,5,6.11,82.98,3.615,0.046,0.0
1995,64,6,5.74,85.804,2.991,0.0,0.0
1995,64,7,5.37,88.729,2.41,0.201,0.0
1995,64,8,5.17,89.992,2.24,0.0,0.0
1995,64,9,4.96,91.342,2.178,0.113,0.0
1995,64,10,4.75,92.711,2.213,0.0,0.0
1995,64,11,4.63,92.686,1.506,0.0,0.0
1995,64,12,4.5,92.724,0.866,0.0,0.0
1995,64,13,4.38,92.682,0.614,0.0,0.0
1995,64,14,5.23,87.363,1.473,0.0,13.624
1995,64,15,6.09,82.32,2.472,0.0,127.504
1995,64,16,6.94,77.659,3.498,0.0,286.576
1995,64,17,8.08,69.685,3.117,0.0,417.1
1995,64,18,9.21,62.558,2.888,0.0,522.435
1995,64,19,10.35,56.1,2.827,0.239,585.068
1995,64,20,10.9,55.256,2.105,0.0,601.336
1995,64,21,11.45,54.414,1.386,0.0,564.603
1995,64,22,12.0,53.561,0.694,0.0,491.817
1995,64,23,11.76,55.55,0.75,0.0,345.934
1995,64,24,11.51,57.627,0.95,0.0,200.976
1995,65,1,11.27,59.721,1.215,0.0,19.648
1995,65,2,9.02,65.215,1.669,0.0,0.0
1995,65,3,6.77,71.095,2.352,0.0,0.0
1995,65,4,4.52,77.345,3.128,0.0,0.0
1995,65,5,3.77,80.436,3.423,0.0,0.0
1995,65,6,3.02,83.662,3.752,0.0,0.0
1995,65,7,2.28,86.96,4.092,0.0,0.0
1995,65,8,1.72,89.219,3.944,0.0,0.0
1995,65,9,1.17,91.472,3.81,0.0,0.0
1995,65,10,0.61,93.848,3.711,0.0,0.0
1995,65,11,0.38,94.901,3.581,0.0,0.0
1995,65,12,0.16,95.897,3.466,0.0,0.0
1995,65,13,-0.069,96.975,3.347,0.0,0.0
1995,65,14,1.37,91.153,3.401,0.0,16.744
1995,65,15,2.82,85.585,3.56,0.0,132.944
1995,65,16,4.26,80.376,3.819,0.0,308.288
1995,65,17,7.36,75.554,4.347,0.0,447.196
1995,65,18,10.46,69.931,5.116,0.011,559.238
1995,65,19,13.56,64.042,6.033,0.0,385.234
1995,65,20,14.53,65.687,5.237,0.011,395.817
1995,65,21,15.49,66.959,4.468,0.058,371.711
1995,65,22,16.46,67.826,3.748,0.007,270.743
1995,65,23,16.08,72.942,2.331,0.0,190.795
1995,65,24,15.7,78.269,1.253,0.389,111.472
1995,66,1,15.32,83.816,1.568,0.151,14.728
1995,66,2,12.57,87.914,3.99,0.093,0.0
1995,66,3,9.81,90.776,6.77,0.38,0.0
1995,66,4,7.06,91.475,9.604,0.505,0.0
1995,66,5,4.52,93.832,9.977,0.188,0.0
1995,66,6,1.99,93.935,10.351,0.236,0.0
1995,66,7,-0.549,90.816,10.725,0.325,0.0
1995,66,8,-1.739,91.241,10.834,0.533,0.0
1995,66,9,-2.939,91.121,11.022,0.995,0.0
1995,66,10,-4.129,90.198,11.284,0.983,0.0
1995,66,11,-4.759,88.218,10.3,0.95,0.0
1995,66,12,-5.399,85.897,9.342,0.22,0.0
1995,66,13,-6.029,83.048,8.41,0.299,0.0
1995,66,14,-6.469,82.093,8.503,0.0,16.224
1995,66,15,-6.919,81.053,8.605,0.0,112.352
1995,66,16,-7.359,79.76,8.728,0.0,322.576
1995,66,17,-6.319,80.152,8.614,0.0,466.381
1995,66,18,-5.269,79.996,8.5,0.0,582.302
1995,66,19,-4.229,79.511,8.387,0.0,692.504
1995,66,20,-3.439,77.807,8.184,0.0,711.338
1995,66,21,-2.659,76.107,7.991,0.0,668.085
1995,66,22,-1.879,74.379,7.811,0.0,537.642
1995,66,23,-2.139,74.954,7.267,0.0,379.577
1995,66,24,-2.389,75.451,6.723,0.0,222.976
1995,67,1,-2.649,76.016,6.182,0.0,37.208
1995,67,2,-4.919,79.561,5.53,0.0,0.0
1995,67,3,-7.189,82.062,4.892,0.0,0.0
1995,67,4,-9.469,82.962,4.257,0.0,0.0
1995,67,5,-10.539,84.278,4.11,0.0,0.0
1995,67,6,-11.619,85.312,3.965,0.0,0.0
1995,67,7,-12.689,85.848,3.818,0.0,0.0
1995,67,8,-13.309,85.695,3.8,0.0,0.0
1995,67,9,-13.929,85.287,3.785,0.0,0.0
1995,67,10,-14.549,84.625,3.783,0.0,0.0
1995,67,11,-15.139,85.203,3.691,0.0,0.0
1995,67,12,-15.729,85.625,3.602,0.0,0.0
1995,67,13,-16.319,85.935,3.519,0.0,0.0
1995,67,14,-15.219,84.731,3.562,0.0,31.328
1995,67,15,-14.119,83.204,3.633,0.0,193.136
1995,67,16,-13.009,81.291,3.732,0.0,358.783
1995,67,17,-11.439,79.599,3.672,0.0,517.003
1995,67,18,-9.869,77.289,3.77,0.0,644.501
1995,67,19,-8.299,74.546,4.014,0.0,703.869
1995,67,20,-7.559,75.533,3.352,0.0,722.776
1995,67,21,-6.809,76.137,2.748,0.0,678.906
1995,67,22,-6.069,76.505,2.258,0.0,561.975
1995,67,23,-6.699,78.716,1.999,0.0,397.473
1995,67,24,-7.319,80.922,1.972,0.0,234.728
1995,68,1,-7.949,83.258,2.191,0.0,37.72
1995,68,2,-8.669,83.09,2.116,0.0,0.0
1995,68,3,-9.399,82.72,2.144,0.0,0.0
1995,68,4,-10.119,81.995,2.268,0.0,0.0
1995,68,5,-10.679,84.929,2.467,0.0,0.0
1995,68,6,-11.229,87.941,2.86,0.0,0.0
1995,68,7,-11.779,91.045,3.376,0.0,0.0
1995,68,8,-12.169,92.039,3.235,0.0,0.0
1995,68,9,-12.569,93.125,3.154,0.0,0.0
1995,68,10,-12.959,94.092,3.123,0.0,0.0
1995,68,11,-13.029,94.477,3.08,0.0,0.0
1995,68,12,-13.109,94.94,3.051,0.0,0.0
1995,68,13,-13.179,95.343,3.038,0.0,0.0
1995,68,14,-11.509,95.515,2.707,0.0,34.64
1995,68,15,-9.829,94.202,2.569,0.0,193.056
1995,68,16,-8.159,91.98,2.636,0.0,356.92
1995,68,17,-5.339,90.182,3.184,0.0,512.667
1995,68,18,-2.519,86.023,4.171,0.0,638.092
1995,68,19,0.29,80.601,5.37,0.0,697.405
1995,68,20,1.5,75.419,5.5,0.0,715.924
1995,68,21,2.7,70.64,5.632,0.0,672.533
1995,68,22,3.91,66.153,5.767,0.0,543.047
1995,68,23,3.51,69.834,5.31,0.0,384.759
1995,68,24,3.11,73.683,4.862,0.0,228.384
1995,69,1,2.71,77.691,4.424,0.0,23.328
1995,69,2,2.21,76.793,4.735,0.0,0.0
1995,69,3,1.71,75.739,5.05,0.0,0.0
1995,69,4,1.21,74.52,5.38,0.0,0.0
1995,69,5,0.78,76.557,5.205,0.0,0.0
1995,69,6,0.36,78.608,5.04,0.0,0.0
1995,69,7,-0.059,80.732,4.886,0.0,0.0
1995,69,8,-0.129,81.557,5.18,0.0,0.0
1995,69,9,-0.199,82.4,5.487,0.0,0.0
1995,69,10,-0.279,83.302,5.797,0.0,0.0
1995,69,11,-0.409,83.955,6.018,0.0,0.0
1995,69,12,-0.539,84.623,6.242,0.0,0.0
1995,69,13,-0.669,85.304,6.474,0.0,0.0
1995,69,14,0.97,78.969,6.98,0.0,36.272
1995,69,15,2.62,73.05,7.501,0.0,185.008
1995,69,16,4.26,67.624,8.03,0.0,353.496
1995,69,17,6.32,64.09,8.651,0.0,506.106
1995,69,18,8.39,60.391,9.276,0.0,628.967
1995,69,19,10.45,56.717,9.9,0.0,686.085
1995,69,20,11.28,55.796,9.822,0.0,704.08
1995,69,21,12.11,54.829,9.754,0.0,661.482
1995,69,22,12.95,53.791,9.677,0.0,534.42
1995,69,23,12.29,56.144,8.765,0.0,379.292
1995,69,24,11.64,58.575,7.874,0.0,226.272
1995,70,1,10.99,61.124,6.987,0.0,24.072
1995,70,2,9.59,63.083,6.544,0.0,0.0
1995,70,3,8.19,64.893,6.113,0.0,0.0
1995,70,4,6.79,66.513,5.671,0.0,0.0
1995,70,5,6.1,69.02,5.666,0.0,0.0
1995,70,6,5.4,71.684,5.662,0.0,0.0
1995,70,7,4.71,74.417,5.661,0.0,0.0
1995,70,8,4.25,76.468,5.48,0.0,0.0
1995,70,9,3.79,78.581,5.294,0.0,0.0
1995,70,10,3.33,80.769,5.121,0.0,0.0
1995,70,11,2.89,82.677,4.877,0.0,0.0
1995,70,12,2.45,84.634,4.652,0.0,0.0
1995,70,13,2.0,86.709,4.445,0.0,0.0
1995,70,14,4.05,81.357,5.424,0.0,38.288
1995,70,15,6.09,76.105,6.4,0.0,180.48
1995,70,16,8.13,70.979,7.38,0.0,302.704
1995,70,17,10.26,70.019,8.159,0.0,432.021
1995,70,18,12.39,68.196,8.948,0.0,536.057
1995,70,19,14.52,65.785,9.727,0.0,568.897
1995,70,20,15.26,64.8,9.85,0.0,583.622
1995,70,21,16.0,63.776,9.982,0.0,548.371
1995,70,22,16.74,62.726,10.106,0.0,459.428
1995,70,23,16.32,65.268,9.799,0.0,326.605
1995,70,24,15.9,67.905,9.526,0.0,195.792
1995,71,1,15.48,70.645,9.29,0.0,24.76
1995,71,2,14.88,71.559,8.84,0.0,0.0
1995,71,3,14.28,72.451,8.39,0.0,0.0
1995,71,4,13.67,73.357,7.94,0.0,0.0
1995,71,5,13.38,75.764,7.781,0.0,0.0
1995,71,6,13.1,78.183,7.624,0.0,0.0
1995,71,7,12.81,80.723,7.47,0.0,0.0
1995,71,8,12.82,81.778,7.62,0.0,0.0
1995,71,9,12.82,82.886,7.787,0.0,0.0
1995,71,10,12.83,83.934,7.961,0.0,0.0
1995,71,11,12.79,85.49,8.28,0.0,0.0
1995,71,12,12.76,86.993,8.609,0.0,0.0
1995,71,13,12.72,88.561,8.928,0.0,0.0
1995,71,14,13.6,85.069,9.01,0.0,28.792
1995,71,15,14.49,81.674,9.082,0.0,126.464
1995,71,16,15.38,78.42,9.157,0.0,212.847
1995,71,17,16.37,75.858,9.632,0.0,302.847
1995,71,18,17.36,73.354,10.109,0.0,375.186
1995,71,19,18.35,70.908,10.585,0.036,488.782
1995,71,20,19.11,67.736,10.243,0.0,501.279
1995,71,21,19.87,64.724,9.914,0.0,471.032
1995,71,22,20.63,61.861,9.59,0.0,498.218
1995,71,23,20.27,62.927,9.242,0.0,354.754
1995,71,24,19.92,63.973,8.93,0.0,213.68
1995,72,1,19.56,65.077,8.657,0.0,39.92
1995,72,2,18.78,67.947,8.466,0.0,0.0
1995,72,3,18.0,70.964,8.29,0.0,0.0
1995,72,4,17.22,74.131,8.121,0.0,0.0
1995,72,5,16.52,77.349,7.846,0.02,0.0
1995,72,6,15.82,80.725,7.697,0.028,0.0
1995,72,7,15.12,84.269,7.702,0.228,0.0
1995,72,8,14.73,86.814,6.512,0.187,0.0
1995,72,9,14.34,89.441,5.37,0.372,0.0
1995,72,10,13.95,92.153,4.347,0.174,0.0
1995,72,11,13.93,92.824,4.512,0.094,0.0
1995,72,12,13.9,93.557,4.687,0.145,0.0
1995,72,13,13.87,94.293,4.888,0.078,0.0
1995,72,14,14.48,89.564,5.429,0.073,30.896
1995,72,15,15.1,85.019,5.957,0.001,127.312
1995,72,16,15.71,80.755,6.495,0.009,121.532
1995,72,17,15.69,81.535,5.439,0.011,172.367
1995,72,18,15.67,82.317,4.471,0.165,213.228
1995,72,19,15.65,83.1,3.67,0.159,225.868
1995,72,20,16.0,83.902,4.096,0.14,231.551
1995,72,21,16.35,84.629,4.531,0.166,217.606
1995,72,22,16.7,85.287,4.967,0.046,214.463
1995,72,23,16.31,87.19,4.214,0.259,152.952
1995,72,24,15.93,89.08,3.753,0.124,92.544
1995,73,1,15.54,91.08,3.676,0.117,13.048
1995,73,2,15.08,91.451,4.484,0.092,0.0
1995,73,3,14.62,91.771,5.311,0.204,0.0
1995,73,4,14.15,92.092,6.167,0.228,0.0
1995,73,5,13.86,92.224,6.054,0.165,0.0
1995,73,6,13.57,92.329,6.096,0.19,0.0
1995,73,7,13.28,92.403,6.301,0.115,0.0
1995,73,8,13.09,93.14,5.529,0.037,0.0
1995,73,9,12.89,93.94,4.778,0.153,0.0
1995,73,10,12.7,94.685,4.067,0.135,0.0
1995,73,11,12.54,95.12,3.586,0.1,0.0
1995,73,12,12.38,95.551,3.236,0.007,0.0
1995,73,13,12.22,95.984,3.045,0.035,0.0
1995,73,14,12.83,92.149,3.577,0.038,24.864
1995,73,15,13.43,88.544,4.13,0.063,96.656
1995,73,16,14.03,85.096,4.698,0.03,169.546
1995,73,17,14.93,81.957,4.684,0.035,239.739
1995,73,18,15.84,78.882,4.675,0.055,296.126
1995,73,19,16.74,75.971,4.671,0.009,363.699
1995,73,20,17.02,77.395,4.727,0.106,372.75
1995,73,21,17.31,78.697,4.78,0.075,350.313
1995,73,22,17.59,79.979,4.854,0.011,260.366
1995,73,23,17.35,79.944,4.581,0.281,185.978
1995,73,24,17.11,79.89,4.389,0.12,113.04
1995,74,1,16.87,79.818,4.259,0.216,15.616
1995,74,2,16.28,81.195,3.904,0.0,0.0
1995,74,3,15.69,82.568,3.565,0.008,0.0
1995,74,4,15.09,83.994,3.217,0.0,0.0
1995,74,5,14.7,84.748,3.249,0.0,0.0
1995,74,6,14.3,85.548,3.292,0.0,0.0
1995,74,7,13.9,86.339,3.365,0.0,0.0
1995,74,8,13.11,88.06,3.318,0.0,0.0
1995,74,9,12.32,89.752,3.272,0.0,0.0
1995,74,10,11.53,91.408,3.225,0.0,0.0
1995,74,11,10.89,91.826,3.217,0.0,0.0
1995,74,12,10.25,92.122,3.205,0.0,0.0
1995,74,13,9.61,92.284,3.196,0.079,0.0
1995,74,14,11.16,87.204,3.395,0.0,54.08
1995,74,15,12.7,82.388,3.605,0.0,199.392
1995,74,16,14.25,77.733,3.81,0.0,347.865
1995,74,17,16.53,67.17,4.339,0.0,490.443
1995,74,18,18.81,58.189,4.946,0.0,604.862
1995,74,19,21.08,50.567,5.614,0.0,679.196
1995,74,20,21.47,47.609,5.607,0.0,695.856
1995,74,21,21.86,44.77,5.63,0.0,653.989
1995,74,22,22.25,42.043,5.654,0.0,539.638
1995,74,23,21.36,45.654,4.731,0.0,386.04
1995,74,24,20.46,49.585,3.817,0.0,235.68
1995,75,1,19.56,53.836,2.931,0.0,39.64
1995,75,2,17.78,57.606,3.175,0.0,0.0
1995,75,3,16.0,61.607,3.494,0.0,0.0
1995,75,4,14.22,65.842,3.856,0.0,0.0
1995,75,5,13.3,68.692,3.805,0.0,0.0
1995,75,6,12.38,71.679,3.773,0.0,0.0
1995,75,7,11.46,74.802,3.759,0.0,0.0
1995,75,8,10.8,76.12,3.38,0.0,0.0
1995,75,9,10.14,77.422,3.008,0.0,0.0
1995,75,10,9.48,78.705,2.645,0.0,0.0
1995,75,11,8.87,79.933,2.761,0.0,0.0
1995,75,12,8.26,81.141,2.89,0.0,0.0
1995,75,13,7.65,82.323,3.025,0.0,0.0
1995,75,14,9.46,78.042,2.552,0.0,57.736
1995,75,15,11.26,73.831,2.148,0.0,202.704
1995,75,16,13.06,69.687,1.844,0.0,369.55
1995,75,17,15.92,60.576,2.057,0.0,519.472
1995,75,18,18.77,52.798,2.317,0.0,639.715
1995,75,19,21.62,46.116,2.604,0.0,696.267
1995,75,20,22.06,42.289,2.737,0.0,713.106
1995,75,21,22.49,38.66,2.939,0.0,670.241
1995,75,22,22.92,35.197,3.207,0.0,546.96
1995,75,23,22.05,38.389,2.789,0.0,391.876
1995,75,24,21.17,41.861,2.382,0.0,240.256
1995,76,1,20.29,45.616,1.98,0.0,33.384
1995,76,2,19.04,45.806,2.061,0.0,0.0
1995,76,3,17.78,45.78,2.227,0.0,0.0
1995,76,4,16.52,45.469,2.44,0.0,0.0
1995,76,5,15.34,49.532,2.729,0.0,0.0
1995,76,6,14.17,53.96,3.006,0.0,0.0
1995,76,7,12.99,58.851,3.298,0.0,0.0
1995,76,8,12.17,61.853,3.219,0.0,0.0
1995,76,9,11.35,65.024,3.149,0.0,0.0
1995,76,10,10.54,68.341,3.09,0.0,0.0
1995,76,11,10.0,69.999,2.992,0.0,0.0
1995,76,12,9.47,71.654,2.91,0.0,0.0
1995,76,13,8.93,73.397,2.834,0.0,0.0
1995,76,14,10.68,70.725,2.478,0.0,61.76
1995,76,15,12.43,67.855,2.145,0.0,207.28
1995,76,16,14.19,64.826,1.869,0.0,373.801
1995,76,17,16.84,57.338,1.874,0.0,523.898
1995,76,18,19.5,50.747,1.999,0.0,644.218
1995,76,19,22.16,44.976,2.215,0.0,700.063
1995,76,20,22.62,40.28,1.856,0.0,716.735
1995,76,21,23.08,35.812,1.486,0.0,673.686
1995,76,22,23.54,31.564,1.124,0.0,549.781
1995,76,23,22.79,34.613,1.226,0.0,394.47
1995,76,24,22.04,37.887,1.336,0.0,242.848
1995,77,1,21.28,41.423,1.464,0.0,35.424
1995,77,2,20.16,42.09,1.619,0.0,0.0
1995,77,3,19.04,42.661,1.818,0.0,0.0
1995,77,4,17.91,43.147,2.035,0.0,0.0
1995,77,5,17.15,45.658,1.765,0.0,0.0
1995,77,6,16.38,48.356,1.677,0.0,0.0
1995,77,7,15.61,51.226,1.817,0.0,0.0
1995,77,8,14.88,53.315,1.426,0.0,0.0
1995,77,9,14.15,55.506,1.26,0.0,0.0
1995,77,10,13.42,57.795,1.395,0.0,0.0
1995,77,11,12.53,60.554,1.688,0.0,0.0
1995,77,12,11.65,63.419,2.047,0.0,0.0
1995,77,13,10.76,66.48,2.43,0.0,0.0
1995,77,14,12.18,65.399,2.39,0.0,64.896
1995,77,15,13.61,63.998,2.35,0.0,208.896
1995,77,16,15.03,62.427,2.311,0.0,326.605
1995,77,17,17.4,55.895,3.021,0.0,456.454
1995,77,18,19.77,50.105,3.85,0.0,560.467
1995,77,19,22.14,44.966,4.733,0.0,627.172
1995,77,20,22.88,42.776,5.321,0.0,641.874
1995,77,21,23.62,40.702,5.933,0.0,603.348
1995,77,22,24.36,38.738,6.56,0.0,533.295
1995,77,23,23.4,42.407,5.278,0.0,383.17
1995,77,24,22.44,46.396,4.077,0.0,236.864
1995,78,1,21.48,50.731,3.057,0.0,36.136
1995,78,2,19.94,54.014,2.912,0.0,0.0
1995,78,3,18.4,57.516,2.793,0.0,0.0
1995,78,4,16.87,61.203,2.691,0.0,0.0
1995,78,5,16.4,62.008,2.105,0.0,0.0
1995,78,6,15.92,62.855,1.631,0.0,0.0
1995,78,7,15.45,63.656,1.387,0.0,0.0
1995,78,8,14.7,65.93,1.123,0.0,0.0
1995,78,9,13.95,68.289,0.921,0.0,0.0
1995,78,10,13.2,70.738,0.844,0.0,0.0
1995,78,11,12.11,74.534,1.597,0.0,0.0
1995,78,12,11.02,78.55,2.4,0.0,0.0
1995,78,13,9.93,82.804,3.214,0.0,0.0
1995,78,14,11.89,77.739,3.523,0.0,70.024
1995,78,15,13.86,72.767,3.978,0.0,216.832
1995,78,16,15.83,67.984,4.524,0.0,374.37
1995,78,17,18.26,60.083,5.309,0.0,521.717
1995,78,18,20.69,53.199,6.124,0.0,639.666
1995,78,19,23.12,47.191,6.96,0.0,685.171
1995,78,20,23.86,46.168,7.747,0.0,700.993
1995,78,21,24.6,45.154,8.54,0.0,658.935
1995,78,22,25.35,44.123,9.337,0.126,542.426
1995,78,23,24.72,46.409,8.896,0.0,390.285
1995,78,24,24.09,48.812,8.446,0.0,242.208
1995,79,1,23.47,51.309,7.995,0.0,61.968
1995,79,2,21.9,54.7,8.072,0.0,0.0
1995,79,3,20.34,58.288,8.164,0.0,0.0
1995,79,4,18.78,62.111,8.269,0.0,0.0
1995,79,5,17.48,67.739,6.931,0.0,0.0
1995,79,6,16.18,73.939,5.625,0.121,0.0
1995,79,7,14.88,80.771,4.378,0.0,0.0
1995,79,8,14.47,82.536,3.304,0.0,0.0
1995,79,9,14.06,84.34,2.89,0.0,0.0
1995,79,10,13.65,86.192,3.399,0.0,0.0
1995,79,11,13.06,84.731,3.046,0.0,0.0
1995,79,12,12.47,83.03,3.13,0.0,0.0
1995,79,13,11.89,81.013,3.608,0.0,0.0
1995,79,14,13.02,75.1,3.228,0.0,73.296
1995,79,15,14.16,69.613,3.367,0.0,218.896
1995,79,16,15.29,64.613,3.96,0.0,385.92
1995,79,17,16.65,55.716,4.723,0.0,536.317
1995,79,18,18.01,47.891,5.538,0.0,656.636
1995,79,19,19.37,41.008,6.385,0.0,715.195
1995,79,20,19.65,38.768,6.808,0.0,731.453
1995,79,21,19.92,36.619,7.235,0.0,687.573
1995,79,22,20.2,34.512,7.682,0.0,566.641
1995,79,23,19.45,35.895,6.597,0.0,408.258
1995,79,24,18.71,37.316,5.505,0.0,254.352
1995,80,1,17.97,38.804,4.426,0.0,44.672
1995,80,2,16.23,40.924,3.779,0.0,0.0
1995,80,3,14.5,43.048,3.194,0.0,0.0
1995,80,4,12.77,45.171,2.711,0.0,0.0
1995,80,5,11.85,48.462,2.537,0.0,0.0
1995,80,6,10.94,51.975,2.761,0.0,0.0
1995,80,7,10.02,55.803,3.303,0.0,0.0
1995,80,8,9.2,59.802,3.43,0.0,0.0
1995,80,9,8.38,64.1,3.578,0.0,0.0
1995,80,10,7.57,68.673,3.745,0.0,0.0
1995,80,11,7.02,71.657,3.673,0.0,0.0
1995,80,12,6.48,74.724,3.592,0.0,0.0
1995,80,13,5.93,77.989,3.52,0.0,0.0
1995,80,14,8.32,71.425,3.764,0.0,77.048
1995,80,15,10.71,65.264,4.009,0.0,222.448
1995,80,16,13.09,59.573,4.264,0.0,386.311
1995,80,17,16.09,51.265,5.858,0.0,535.388
1995,80,18,19.08,44.255,7.47,0.0,654.56
1995,80,19,22.08,38.276,9.085,0.0,709.925
1995,80,20,22.87,38.712,9.269,0.0,725.829
1995,80,21,23.67,39.002,9.483,0.0,682.293
1995,80,22,24.47,39.186,9.734,0.0,558.776
1995,80,23,23.78,43.152,8.314,0.0,403.142
1995,80,24,23.09,47.389,6.894,0.0,252.112
1995,81,1,22.4,51.913,5.488,0.0,47.2
1995,81,2,20.41,57.577,4.999,0.0,0.0
1995,81,3,18.41,63.989,4.537,0.0,0.0
1995,81,4,16.42,71.178,4.094,0.0,0.0
1995,81,5,15.53,75.722,3.878,0.0,0.0
1995,81,6,14.65,80.529,3.674,0.0,0.0
1995,81,7,13.76,85.728,3.51,0.0,0.0
1995,81,8,13.26,87.721,3.356,0.0,0.0
1995,81,9,12.76,89.761,3.26,0.0,0.0
1995,81,10,12.26,91.853,3.235,0.0,0.0
1995,81,11,11.89,93.276,3.202,0.0,0.0
1995,81,12,11.52,94.719,3.24,0.0,0.0
1995,81,13,11.16,96.123,3.36,0.0,0.0
1995,81,14,13.52,92.389,3.507,0.0,71.536
1995,81,15,15.88,87.983,4.191,0.0,200.08
1995,81,16,18.25,83.139,5.189,0.0,314.676
1995,81,17,20.72,71.941,5.837,0.0,434.92
1995,81,18,23.18,62.461,6.65,0.0,530.988
1995,81,19,25.65,54.341,7.588,0.0,664.807
1995,81,20,27.12,43.95,7.702,0.0,679.456
1995,81,21,28.59,34.944,7.992,0.0,638.714
1995,81,22,30.06,27.146,8.43,0.0,565.323
1995,81,23,28.78,27.899,7.485,0.0,408.412
1995,81,24,27.49,28.642,6.561,0.0,256.352
1995,82,1,26.21,29.331,5.661,0.0,46.072
1995,82,2,23.95,31.728,5.268,0.0,0.0
1995,82,3,21.69,34.276,4.911,0.0,0.0
1995,82,4,19.42,36.99,4.577,0.0,0.0
1995,82,5,18.37,39.251,4.157,0.0,0.0
1995,82,6,17.31,41.697,4.071,0.0,0.0
1995,82,7,16.25,44.32,4.32,0.0,0.0
1995,82,8,15.23,46.765,4.235,0.0,0.0
1995,82,9,14.21,49.361,4.201,0.0,0.0
1995,82,10,13.19,52.121,4.217,0.0,0.0
1995,82,11,12.29,54.41,4.152,0.0,0.0
1995,82,12,11.38,56.84,4.115,0.0,0.0
1995,82,13,10.48,59.348,4.081,0.0,0.0
1995,82,14,11.97,58.248,4.785,0.0,85.784
1995,82,15,13.46,56.901,5.595,0.0,232.912
1995,82,16,14.95,55.364,6.48,0.0,401.401
1995,82,17,15.86,52.203,6.092,0.0,553.335
1995,82,18,16.76,49.27,5.765,0.0,674.62
1995,82,19,17.67,46.495,5.499,0.0,731.937
1995,82,20,18.14,44.888,5.208,0.0,747.803
1995,82,21,18.62,43.314,4.99,0.0,702.983
1995,82,22,19.09,41.824,4.832,0.0,580.237
1995,82,23,18.5,44.287,3.91,0.0,419.719
1995,82,24,17.92,46.852,2.989,0.0,264.4
1995,83,1,17.33,49.586,2.108,0.0,48.576
1995,83,2,15.41,53.225,2.551,0.0,0.0
1995,83,3,13.49,57.071,3.151,0.0,0.0
1995,83,4,11.57,61.114,3.822,0.0,0.0
1995,83,5,10.46,66.333,3.802,0.0,0.0
1995,83,6,9.35,72.043,3.814,0.0,0.0
1995,83,7,8.23,78.339,3.855,0.0,0.0
1995,83,8,7.32,82.036,3.752,0.0,0.0
1995,83,9,6.4,85.981,3.645,0.0,0.0
1995,83,10,5.48,90.142,3.543,0.0,0.0
1995,83,11,4.89,91.48,3.576,0.0,0.0
1995,83,12,4.31,92.73,3.613,0.0,0.0
1995,83,13,3.73,93.942,3.642,0.0,0.0
1995,83,14,5.9,85.203,3.976,0.0,89.376
1995,83,15,8.07,77.264,4.363,0.0,235.952
1995,83,16,10.24,70.069,4.782,0.0,401.052
1995,83,17,12.42,64.288,4.89,0.0,551.402
1995,83,18,14.61,58.894,5.075,0.0,671.351
1995,83,19,16.8,53.923,5.34,0.0,670.817
1995,83,20,17.85,52.807,5.783,0.209,685.126
1995,83,21,18.91,51.602,6.245,0.0,644.07
1995,83,22,19.96,50.383,6.715,0.0,498.721
1995,83,23,19.53,52.411,6.484,0.0,361.208
1995,83,24,19.09,54.551,6.265,0.0,228.352
1995,84,1,18.66,56.737,6.046,0.0,45.36
1995,84,2,17.78,58.458,5.789,0.0,0.0
1995,84,3,16.9,60.216,5.554,0.0,0.0
1995,84,4,16.02,62.004,5.331,0.0,0.0
1995,84,5,15.36,64.171,5.27,0.0,0.0
1995,84,6,14.71,66.384,5.272,0.0,0.0
1995,84,7,14.06,68.684,5.317,0.0,0.0
1995,84,8,13.12,72.042,5.084,0.0,0.0
1995,84,9,12.19,75.541,4.845,0.0,0.0
1995,84,10,11.26,79.223,4.612,0.0,0.0
1995,84,11,10.7,80.342,4.731,0.0,0.0
1995,84,12,10.15,81.391,4.843,0.0,0.0
1995,84,13,9.59,82.477,4.964,0.0,0.0
1995,84,14,11.23,74.241,5.248,0.0,90.776
1995,84,15,12.87,66.922,5.698,0.0,233.408
1995,84,16,14.51,60.407,6.261,0.015,342.933
1995,84,17,16.39,58.887,6.733,0.003,470.282
1995,84,18,18.27,57.018,7.203,0.171,571.827
1995,84,19,20.15,54.908,7.677,0.267,524.849
1995,84,20,21.02,53.953,7.738,0.0,535.853
1995,84,21,21.9,52.929,7.94,0.197,503.75
1995,84,22,22.77,51.911,8.281,0.26,367.092
1995,84,23,22.35,53.717,7.956,0.205,266.204
1995,84,24,21.94,55.553,7.638,0.285,168.88
1995,85,1,21.52,57.488,7.313,0.563,28.472
1995,85,2,19.87,60.553,6.6,0.37,0.0
1995,85,3,18.21,63.732,5.905,0.081,0.0
1995,85,4,16.56,66.925,5.21,0.063,0.0
1995,85,5,16.08,69.739,5.523,0.259,0.0
1995,85,6,15.6,72.667,5.838,0.115,0.0
1995,85,7,15.12,75.722,6.163,0.267,0.0
1995,85,8,14.8,79.545,6.485,0.158,0.0
1995,85,9,14.49,83.447,6.863,0.0,0.0
1995,85,10,14.18,87.473,7.295,0.013,0.0
1995,85,11,13.85,89.275,6.587,0.0,0.0
1995,85,12,13.52,91.119,5.948,0.031,0.0
1995,85,13,13.19,93.008,5.39,0.0,0.0
1995,85,14,14.86,89.61,5.623,0.0,94.096
1995,85,15,16.53,86.048,5.915,0.0,236.0
1995,85,16,18.21,82.346,6.26,0.0,403.422
1995,85,17,19.8,71.029,6.542,0.0,551.858
1995,85,18,21.39,61.186,6.922,0.0,670.11
1995,85,19,22.98,52.621,7.394,0.0,718.608
1995,85,20,23.25,46.968,7.976,0.0,733.435
1995,85,21,23.53,41.458,8.579,0.0,689.479
1995,85,22,23.81,36.117,9.193,0.0,494.185
1995,85,23,22.42,37.405,8.677,0.0,358.811
1995,85,24,21.04,38.648,8.216,0.0,228.384
1995,86,1,19.65,39.877,7.818,0.0,55.072
1995,86,2,16.88,45.784,7.624,0.0,0.0
1995,86,3,14.11,52.685,7.542,0.0,0.0
1995,86,4,11.33,60.799,7.574,0.0,0.0
1995,86,5,10.27,61.431,7.534,0.0,0.0
1995,86,6,9.2,61.9,7.507,0.0,0.0
1995,86,7,8.14,62.093,7.492,0.0,0.0
1995,86,8,7.43,63.205,6.667,0.0,0.0
1995,86,9,6.73,64.251,5.844,0.0,0.0
1995,86,10,6.03,65.265,5.021,0.0,0.0
1995,86,11,5.3,67.267,4.795,0.0,0.0
1995,86,12,4.57,69.327,4.602,0.0,0.0
1995,86,13,3.84,71.43,4.439,0.0,0.0
1995,86,14,5.24,65.498,5.35,0.0,102.944
1995,86,15,6.64,60.116,6.37,0.0,252.176
1995,86,16,8.04,55.228,7.46,0.0,420.521
1995,86,17,9.37,51.878,7.44,0.0,573.806
1995,86,18,10.7,48.738,7.421,0.0,695.822
1995,86,19,12.03,45.804,7.417,0.0,749.696
1995,86,20,12.8,44.625,7.443,0.0,764.905
1995,86,21,13.56,43.491,7.458,0.0,719.062
1995,86,22,14.32,42.372,7.475,0.0,595.667
1995,86,23,13.83,43.847,6.842,0.0,433.009
1995,86,24,13.34,45.383,6.207,0.0,276.544
1995,87,1,12.85,46.972,5.587,0.0,59.4
1995,87,2,10.98,50.531,4.989,0.0,0.0
1995,87,3,9.1,54.338,4.405,0.0,0.0
1995,87,4,7.23,58.325,3.858,0.0,0.0
1995,87,5,6.46,61.193,3.758,0.0,0.0
1995,87,6,5.68,64.259,3.693,0.0,0.0
1995,87,7,4.9,67.504,3.654,0.0,0.0
1995,87,8,4.27,69.471,3.622,0.0,0.0
1995,87,9,3.63,71.538,3.596,0.0,0.0
1995,87,10,3.0,73.616,3.575,0.0,0.0
1995,87,11,2.49,74.821,3.494,0.0,0.0
1995,87,12,1.98,76.018,3.422,0.0,0.0
1995,87,13,1.47,77.201,3.384,0.0,0.0
1995,87,14,3.4,67.853,4.125,0.0,106.912
1995,87,15,5.33,59.747,4.916,0.0,256.112
1995,87,16,7.25,52.762,5.725,0.0,419.571
1995,87,17,8.27,50.873,5.38,0.0,571.133
1995,87,18,9.28,49.06,5.141,0.0,691.686
1995,87,19,10.29,47.289,5.027,0.0,577.129
1995,87,20,10.46,47.808,4.58,0.0,588.623
1995,87,21,10.63,48.31,4.226,0.0,553.337
1995,87,22,10.8,48.788,4.006,0.0,171.632
1995,87,23,10.29,51.374,3.553,0.0,124.922
1995,87,24,9.77,54.131,3.14,0.0,80.032
1995,88,1,9.26,56.985,2.784,0.0,32.544
1995,88,2,8.57,58.454,2.971,0.0,0.0
1995,88,3,7.89,59.907,3.155,0.0,0.0
1995,88,4,7.21,61.385,3.339,0.0,0.0
1995,88,5,6.89,63.525,3.103,0.0,0.0
1995,88,6,6.58,65.695,2.912,0.0,0.0
1995,88,7,6.27,67.922,2.783,0.0,0.0
1995,88,8,5.98,69.191,2.745,0.0,0.0
1995,88,9,5.7,70.441,2.726,0.0,0.0
1995,88,10,5.42,71.709,2.718,0.0,0.0
1995,88,11,5.21,72.664,2.643,0.0,0.0
1995,88,12,5.01,73.584,2.577,0.0,0.0
1995,88,13,4.8,74.566,2.502,0.0,0.0
1995,88,14,5.16,71.883,2.882,0.0,46.904
1995,88,15,5.52,69.285,3.465,0.0,110.016
1995,88,16,5.87,66.83,4.168,0.0,161.761
1995,88,17,6.16,64.917,3.981,0.0,219.66
1995,88,18,6.45,63.055,3.812,0.0,265.696
1995,88,19,6.73,61.287,3.65,0.0,449.498
1995,88,20,7.35,58.886,3.763,0.0,458.303
1995,88,21,7.97,56.593,3.881,0.0,430.84
1995,88,22,8.59,54.393,4.019,0.0,396.126
1995,88,23,8.22,55.418,3.709,0.0,288.636
1995,88,24,7.86,56.427,3.393,0.0,185.536
1995,89,1,7.49,57.494,3.083,0.0,52.488
1995,89,2,6.91,59.337,2.928,0.0,0.0
1995,89,3,6.33,61.253,2.777,0.0,0.0
1995,89,4,5.75,63.24,2.629,0.0,0.0
1995,89,5,5.28,64.643,2.66,0.0,0.0
1995,89,6,4.82,66.029,2.683,0.0,0.0
1995,89,7,4.35,67.499,2.716,0.0,0.0
1995,89,8,4.04,68.042,2.75,0.0,0.0
1995,89,9,3.74,68.532,2.781,0.0,0.0
1995,89,10,3.43,69.065,2.82,0.0,0.0
1995,89,11,3.16,69.547,2.732,0.0,0.0
1995,89,12,2.88,70.073,2.661,0.0,0.0
1995,89,13,2.61,70.545,2.612,0.0,0.0
1995,89,14,3.48,62.891,3.243,0.0,96.296
1995,89,15,4.35,55.921,3.898,0.0,221.376
1995,89,16,5.22,49.577,4.575,0.0,418.084
1995,89,17,6.23,48.01,4.16,0.0,566.402
1995,89,18,7.25,46.424,3.764,0.0,684.219
1995,89,19,8.26,44.888,3.373,0.0,711.15
1995,89,20,8.78,44.247,3.355,0.0,724.832
1995,89,21,9.3,43.601,3.346,0.0,681.397
1995,89,22,9.82,42.953,3.342,0.0,509.985
1995,89,23,9.34,44.294,3.429,0.0,372.039
1995,89,24,8.86,45.686,3.636,0.0,239.888
1995,90,1,8.39,47.088,3.926,0.0,53.8
1995,90,2,7.51,51.727,3.496,0.0,0.0
1995,90,3,6.63,56.776,3.08,0.0,0.0
1995,90,4,5.75,62.288,2.668,0.0,0.0
1995,90,5,5.36,64.218,2.549,0.0,0.0
1995,90,6,4.96,66.266,2.439,0.0,0.0
1995,90,7,4.57,68.331,2.327,0.0,0.0
1995,90,8,4.31,69.969,2.221,0.0,0.0
1995,90,9,4.06,71.59,2.112,0.0,0.0
1995,90,10,3.8,73.308,2.008,0.0,0.0
1995,90,11,3.47,74.57,2.052,0.0,0.0
1995,90,12,3.14,75.862,2.107,0.0,0.0
1995,90,13,2.81,77.178,2.158,0.0,0.0
1995,90,14,3.93,68.501,1.904,0.0,63.432
1995,90,15,5.05,60.74,1.677,0.0,143.072
1995,90,16,6.17,53.799,1.5,0.0,268.311
1995,90,17,7.0,52.16,0.68,0.0,362.656
1995,90,18,7.83,50.563,0.143,0.0,437.563
1995,90,19,8.67,48.961,0.963,0.0,458.642
1995,90,20,9.16,48.622,1.153,0.0,467.312
1995,90,21,9.65,48.254,1.428,0.0,439.318
1995,90,22,10.14,47.864,1.734,0.0,402.275
1995,90,23,10.17,48.566,1.846,0.0,293.791
1995,90,24,10.19,49.3,1.998,0.0,190.016
1995,91,1,10.22,49.994,2.169,0.0,43.28
1995,91,2,9.7,54.093,2.271,0.0,0.0
1995,91,3,9.19,58.389,2.5,0.0,0.0
1995,91,4,8.67,62.972,2.814,0.0,0.0
1995,91,5,8.26,65.518,3.026,0.0,0.0
1995,91,6,7.85,68.164,3.281,0.0,0.0
1995,91,7,7.44,70.911,3.568,0.0,0.0
1995,91,8,7.15,72.326,3.671,0.0,0.0
1995,91,9,6.86,73.78,3.837,0.0,0.0
1995,91,10,6.57,75.263,4.066,0.0,0.0
1995,91,11,6.3,76.898,4.035,0.0,0.0
1995,91,12,6.04,78.526,4.012,0.0,0.0
1995,91,13,5.78,80.184,3.996,0.0,0.0
1995,91,14,7.63,73.642,4.08,0.0,128.936
1995,91,15,9.48,67.636,4.723,0.0,285.584
1995,91,16,11.33,62.139,5.754,0.0,463.882
1995,91,17,13.26,51.191,4.983,0.0,625.129
1995,91,18,15.19,42.052,5.042,0.0,728.93
1995,91,19,17.11,34.438,5.898,0.0,795.063
1995,91,20,17.51,32.637,5.741,0.0,799.7
1995,91,21,17.9,30.926,5.594,0.0,732.693
1995,91,22,18.29,29.284,5.479,0.0,607.766
1995,91,23,17.6,32.901,4.338,0.0,447.718
1995,91,24,16.9,36.816,3.19,0.0,278.784
1995,92,1,16.21,41.001,2.05,0.0,66.464
1995,92,2,15.18,40.643,1.309,0.0,0.0
1995,92,3,14.15,40.067,1.131,0.0,0.0
1995,92,4,13.11,39.262,1.69,0.0,0.0
1995,92,5,11.68,44.112,2.103,0.0,0.0
1995,92,6,10.24,49.626,2.544,0.0,0.0
1995,92,7,8.81,55.826,2.99,0.0,0.0
1995,92,8,7.95,59.913,3.242,0.0,0.0
1995,92,9,7.09,64.325,3.511,0.0,0.0
1995,92,10,6.23,69.073,3.775,0.0,0.0
1995,92,11,5.6,72.104,3.726,0.0,0.0
1995,92,12,4.98,75.241,3.674,0.0,0.0
1995,92,13,4.35,78.582,3.638,0.0,0.0
1995,92,14,7.27,72.413,3.412,0.0,132.544
1995,92,15,10.19,66.177,3.179,0.0,288.56
1995,92,16,13.1,60.152,2.953,0.0,463.49
1995,92,17,15.94,52.138,4.083,0.0,623.21
1995,92,18,18.79,45.276,5.302,0.0,725.824
1995,92,19,21.63,39.432,6.556,0.0,790.117
1995,92,20,22.36,36.347,6.889,0.0,794.469
1995,92,21,23.09,33.468,7.222,0.0,727.902
1995,92,22,23.82,30.78,7.566,0.0,602.604
1995,92,23,22.84,33.278,7.023,0.0,444.413
1995,92,24,21.87,35.96,6.522,0.0,277.552
1995,93,1,20.9,38.861,6.067,0.0,71.728
1995,93,2,18.48,43.8,5.582,0.0,0.0
1995,93,3,16.05,49.491,5.107,0.0,0.0
1995,93,4,13.62,56.019,4.626,0.0,0.0
1995,93,5,12.64,59.544,4.566,0.0,0.0
1995,93,6,11.65,63.368,4.506,0.0,0.0
1995,93,7,10.66,67.466,4.443,0.0,0.0
1995,93,8,10.04,69.98,4.45,0.0,0.0
1995,93,9,9.42,72.608,4.451,0.0,0.0
1995,93,10,8.8,75.341,4.455,0.0,0.0
1995,93,11,8.45,77.72,4.87,0.0,0.0
1995,93,12,8.09,80.226,5.274,0.0,0.0
1995,93,13,7.74,82.765,5.689,1.346,0.0
1995,93,14,9.36,80.006,5.38,0.015,65.28
1995,93,15,10.99,76.988,5.139,0.042,139.792
1995,93,16,12.61,73.892,4.964,0.013,187.325
1995,93,17,13.98,72.01,5.372,0.298,251.315
1995,93,18,15.35,69.981,6.019,0.319,292.354
1995,93,19,16.71,67.884,6.86,0.0,439.969
1995,93,20,17.37,66.167,5.698,1.48,442.245
1995,93,21,18.04,64.451,4.61,0.182,405.195
1995,93,22,18.7,62.816,3.674,1.309,464.672
1995,93,23,18.77,62.363,2.793,0.0,343.062
1995,93,24,18.84,61.914,1.961,0.014,214.88
1995,94,1,18.91,61.467,1.329,0.236,60.816
1995,94,2,17.92,60.391,1.114,0.211,0.0
1995,94,3,16.93,58.941,1.145,0.214,0.0
1995,94,4,15.94,57.061,1.391,0.45,0.0
1995,94,5,14.89,59.548,1.37,0.404,0.0
1995,94,6,13.85,62.094,1.388,0.242,0.0
1995,94,7,12.81,64.739,1.441,0.262,0.0
1995,94,8,11.3,69.262,2.146,0.245,0.0
1995,94,9,9.79,74.113,2.894,0.21,0.0
1995,94,10,8.28,79.298,3.659,0.193,0.0
1995,94,11,7.24,80.762,3.658,0.165,0.0
1995,94,12,6.19,82.118,3.79,0.0,0.0
1995,94,13,5.15,83.207,4.055,0.0,0.0
1995,94,14,6.31,72.096,5.267,0.0,140.768
1995,94,15,7.47,62.233,6.5,0.0,296.736
1995,94,16,8.63,53.489,7.744,0.0,473.715
1995,94,17,9.36,49.131,7.738,0.0,634.217
1995,94,18,10.09,45.079,7.741,0.0,736.903
1995,94,19,10.82,41.318,7.766,0.0,803.067
1995,94,20,11.23,42.031,7.589,0.0,806.99
1995,94,21,11.63,42.712,7.416,0.0,739.376
1995,94,22,12.04,43.296,7.243,0.0,614.975
1995,94,23,11.42,45.537,6.284,0.0,454.523
1995,94,24,10.81,47.868,5.478,0.0,285.52
1995,95,1,10.19,50.355,4.9,0.0,72.832
1995,95,2,8.26,54.964,4.366,0.0,0.0
1995,95,3,6.33,59.994,3.916,0.0,0.0
1995,95,4,4.39,65.542,3.564,0.0,0.0
1995,95,5,3.4,69.562,3.439,0.0,0.0
1995,95,6,2.4,73.924,3.329,0.0,0.0
1995,95,7,1.41,78.547,3.247,0.0,0.0
1995,95,8,0.63,81.079,3.182,0.0,0.0
1995,95,9,-0.139,83.604,3.119,0.0,0.0
1995,95,10,-0.919,86.258,3.063,0.0,0.0
1995,95,11,-1.169,86.549,2.867,0.0,0.0
1995,95,12,-1.409,86.748,2.73,0.0,0.0
1995,95,13,-1.659,87.003,2.642,0.0,0.0
1995,95,14,2.0,78.779,2.498,0.0,142.552
1995,95,15,5.65,70.244,3.32,0.0,296.016
1995,95,16,9.31,61.949,4.612,0.0,468.134
1995,95,17,12.25,59.39,5.671,0.0,625.442
1995,95,18,15.2,55.981,6.793,0.0,725.879
1995,95,19,18.15,52.16,7.953,0.0,789.611
1995,95,20,19.13,51.261,7.997,0.0,793.224
1995,95,21,20.1,50.329,8.042,0.0,726.771
1995,95,22,21.08,49.317,8.097,0.0,603.745
1995,95,23,20.38,52.122,7.692,0.0,446.712
1995,95,24,19.68,55.091,7.307,0.0,281.392
1995,96,1,18.98,58.235,6.94,0.0,70.0
1995,96,2,16.9,63.585,6.273,0.0,0.0
1995,96,3,14.82,69.429,5.607,0.0,0.0
1995,96,4,12.74,75.81,4.93,0.0,0.0
1995,96,5,11.82,79.421,4.555,0.0,0.0
1995,96,6,10.9,83.229,4.181,0.0,0.0
1995,96,7,9.97,87.293,3.83,0.0,0.0
1995,96,8,9.36,88.96,3.689,0.0,0.0
1995,96,9,8.74,90.69,3.552,0.0,0.0
1995,96,10,8.12,92.429,3.416,0.0,0.0
1995,96,11,7.64,92.957,3.333,0.0,0.0
1995,96,12,7.15,93.488,3.248,0.0,0.0
1995,96,13,6.67,93.898,3.172,0.0,0.0
1995,96,14,9.17,89.633,3.487,0.0,144.768
1995,96,15,11.68,84.633,3.85,0.0,296.336
1995,96,16,14.18,79.352,4.234,0.0,466.027
1995,96,17,16.17,73.641,4.12,0.0,621.333
1995,96,18,18.17,68.241,4.025,0.0,720.297
1995,96,19,20.17,63.203,3.933,0.0,787.6
1995,96,20,21.09,58.865,4.016,0.0,790.962
1995,96,21,22.02,54.801,4.135,0.0,724.692
1995,96,22,22.95,51.027,4.271,0.0,603.301
1995,96,23,22.46,53.11,3.86,0.0,446.849
1995,96,24,21.98,55.244,3.452,0.0,282.272
1995,97,1,21.49,57.5,3.043,0.0,72.256
1995,97,2,19.35,61.743,3.34,0.0,0.0
1995,97,3,17.21,66.171,3.647,0.0,0.0
1995,97,4,15.07,70.746,3.954,0.0,0.0
1995,97,5,14.22,73.675,3.827,0.0,0.0
1995,97,6,13.37,76.736,3.704,0.0,0.0
1995,97,7,12.53,79.887,3.585,0.0,0.0
1995,97,8,11.84,81.831,3.431,0.0,0.0
1995,97,9,11.15,83.809,3.28,0.0,0.0
1995,97,10,10.45,85.864,3.132,0.0,0.0
1995,97,11,9.93,87.416,3.21,0.0,0.0
1995,97,12,9.42,88.916,3.293,0.0,0.0
1995,97,13,8.9,90.489,3.38,0.0,0.0
1995,97,14,11.66,86.613,3.844,0.0,148.448
1995,97,15,14.43,81.73,4.312,0.0,299.729
1995,97,16,17.2,76.367,4.8,0.0,465.69
1995,97,17,19.23,71.687,5.512,0.0,619.648
1995,97,18,21.25,67.195,6.228,0.0,717.543
1995,97,19,23.28,62.845,6.944,0.0,769.633
1995,97,20,23.93,58.464,7.568,0.0,772.699
1995,97,21,24.57,54.374,8.2,0.0,707.979
1995,97,22,25.22,50.492,8.828,0.0,587.663
1995,97,23,24.63,52.906,8.214,0.0,435.717
1995,97,24,24.05,55.403,7.603,0.0,276.0
1995,98,1,23.47,58.019,6.999,0.0,72.624
1995,98,2,21.54,63.118,6.172,0.0,0.0
1995,98,3,19.62,68.659,5.351,0.0,0.0
1995,98,4,17.69,74.766,4.544,0.0,0.0
1995,98,5,16.85,78.518,4.209,0.0,0.0
1995,98,6,16.01,82.482,3.885,0.0,0.0
1995,98,7,15.17,86.675,3.576,0.0,0.0
1995,98,8,14.59,88.649,3.473,0.0,0.0
1995,98,9,14.02,90.601,3.362,0.0,0.0
1995,98,10,13.44,92.653,3.264,0.0,0.0
1995,98,11,13.01,93.286,3.19,0.0,0.0
1995,98,12,12.58,93.889,3.137,0.0,0.0
1995,98,13,12.15,94.458,3.088,0.0,0.0
1995,98,14,14.54,88.905,3.614,0.0,151.264
1995,98,15,16.94,83.168,4.17,0.0,301.447
1995,98,16,19.33,77.519,4.737,0.0,472.453
1995,98,17,21.2,72.37,4.975,0.0,627.416
1995,98,18,23.07,67.523,5.265,0.0,725.753
1995,98,19,24.94,62.975,5.598,0.0,785.016
1995,98,20,25.72,60.838,6.123,0.0,787.917
1995,98,21,26.5,58.776,6.662,0.0,721.921
1995,98,22,27.28,56.791,7.201,0.0,602.389
1995,98,23,26.59,58.993,7.05,0.0,447.113
1995,98,24,25.9,61.295,6.96,0.0,283.984
1995,99,1,25.21,63.697,6.912,0.0,78.376
1995,99,2,23.22,68.233,6.243,0.0,0.0
1995,99,3,21.23,73.018,5.564,0.0,0.0
1995,99,4,19.24,78.041,4.895,0.0,0.0
1995,99,5,18.46,80.851,4.781,0.0,0.0
1995,99,6,17.67,83.827,4.668,0.0,0.0
1995,99,7,16.89,86.863,4.556,0.0,0.0
1995,99,8,16.42,88.7,4.458,0.0,0.0
1995,99,9,15.95,90.574,4.36,0.0,0.0
1995,99,10,15.48,92.493,4.265,0.0,0.0
1995,99,11,14.71,93.285,3.613,0.0,0.0
1995,99,12,13.93,94.0,3.039,0.0,0.0
1995,99,13,13.15,94.569,2.58,0.0,0.0
1995,99,14,15.31,89.792,2.89,0.0,157.664
1995,99,15,17.47,84.836,3.398,0.0,310.258
1995,99,16,19.63,79.843,4.021,0.0,471.383
1995,99,17,21.12,73.637,2.515,0.0,624.782
1995,99,18,22.61,67.975,1.396,0.0,721.945
1995,99,19,24.09,62.841,1.72,0.0,746.485
1995,99,20,24.75,61.911,2.155,0.0,749.042
1995,99,21,25.41,60.97,2.602,0.0,686.328
1995,99,22,26.07,60.022,3.058,0.0,600.699
1995,99,23,25.58,59.933,3.206,0.0,446.313
1995,99,24,25.09,59.796,3.345,0.0,284.24
1995,100,1,24.6,59.604,3.487,0.0,92.592
1995,100,2,22.78,64.282,3.656,0.0,0.0
1995,100,3,20.95,69.385,4.302,0.0,0.0
1995,100,4,19.13,74.857,5.251,0.0,0.0
1995,100,5,17.53,78.504,5.526,0.0,0.0
1995,100,6,15.93,82.181,5.801,0.0,0.0
1995,100,7,14.33,85.839,6.076,0.0,0.0
1995,100,8,13.28,87.69,6.053,0.0,0.0
1995,100,9,12.23,89.42,6.045,0.0,0.0
1995,100,10,11.18,91.008,6.048,0.048,0.0
1995,100,11,10.97,91.33,5.269,0.039,0.0
1995,100,12,10.75,91.711,4.577,1.585,0.0
1995,100,13,10.53,92.087,4.028,0.728,1.208
1995,100,14,11.63,90.658,3.705,0.224,85.568
1995,100,15,12.73,89.048,3.398,0.564,166.384
1995,100,16,13.83,87.282,3.1,0.322,289.763
1995,100,17,15.9,83.312,2.893,0.456,383.344
1995,100,18,17.98,79.073,3.087,0.369,442.484
1995,100,19,20.05,74.796,3.616,0.412,453.679
1995,100,20,20.26,73.68,3.199,0.524,455.101
1995,100,21,20.47,72.581,2.975,1.327,417.005
1995,100,22,20.69,71.457,2.981,4.27,257.461
1995,100,23,18.98,77.614,1.902,4.878,191.48
1995,100,24,17.27,84.366,3.247,3.498,122.262
1995,101,1,15.57,91.714,5.444,2.703,52.2
1995,101,2,14.03,93.585,5.248,1.832,0.0
1995,101,3,12.49,94.94,5.102,1.103,0.0
1995,101,4,10.96,95.559,5.023,0.971,0.0
1995,101,5,10.12,95.119,4.839,1.489,0.0
1995,101,6,9.29,94.273,4.671,0.665,0.0
1995,101,7,8.45,93.089,4.503,0.747,0.0
1995,101,8,7.73,95.404,3.897,1.114,0.0
1995,101,9,7.0,97.814,3.38,0.336,0.0
1995,101,10,6.28,100.0,3.006,0.165,0.0
1995,101,11,5.63,97.277,3.503,0.043,0.0
1995,101,12,4.98,93.91,4.007,0.046,0.0
1995,101,13,4.34,89.975,4.504,0.091,4.984
1995,101,14,4.57,84.221,4.687,0.026,134.576
1995,101,15,4.8,78.63,4.899,0.208,258.646
1995,101,16,5.03,73.199,5.132,0.04,477.602
1995,101,17,5.94,68.387,5.75,0.058,630.667
1995,101,18,6.84,63.962,6.437,0.015,727.229
1995,101,19,7.75,59.808,7.156,0.034,630.989
1995,101,20,7.89,57.785,7.735,0.044,632.808
1995,101,21,8.03,55.804,8.363,0.0,579.825
1995,101,22,8.17,53.85,9.031,0.0,394.416
1995,101,23,7.84,52.648,8.755,0.0,293.634
1995,101,24,7.51,51.371,8.479,0.0,187.989
1995,102,1,7.19,49.969,8.222,0.0,50.8
1995,102,2,6.43,51.792,7.611,0.0,0.0
1995,102,3,5.68,53.652,7.008,0.005,0.0
1995,102,4,4.93,55.578,6.419,0.0,0.0
1995,102,5,4.4,59.886,5.898,0.0,0.0
1995,102,6,3.86,64.497,5.412,0.0,0.0
1995,102,7,3.33,69.341,4.983,0.0,0.0
1995,102,8,3.34,70.997,5.192,0.0,0.0
1995,102,9,3.36,72.608,5.454,0.0,0.0
1995,102,10,3.37,74.268,5.764,0.0,0.0
1995,102,11,3.51,73.196,5.783,0.0,0.0
1995,102,12,3.65,72.143,5.824,0.0,0.0
1995,102,13,3.8,71.05,5.886,0.002,10.008
1995,102,14,5.04,65.157,6.674,0.0,170.2
1995,102,15,6.29,59.763,7.526,0.0,323.542
1995,102,16,7.54,54.867,8.424,0.0,429.463
1995,102,17,8.56,52.935,8.398,0.0,566.067
1995,102,18,9.57,51.085,8.524,0.0,652.088
1995,102,19,10.59,49.236,8.798,0.0,568.947
1995,102,20,11.43,48.564,8.187,0.0,570.444
1995,102,21,12.28,47.806,7.57,0.0,522.709
1995,102,22,13.12,47.035,6.963,0.0,563.78
1995,102,23,13.18,48.626,6.28,0.0,420.158
1995,102,24,13.25,50.171,5.621,0.0,269.676
1995,103,1,13.31,51.735,4.989,0.0,84.592
1995,103,2,11.58,55.475,4.594,0.0,0.0
1995,103,3,9.86,59.413,4.213,0.0,0.0
1995,103,4,8.13,63.631,3.838,0.0,0.0
1995,103,5,7.36,66.013,3.81,0.0,0.0
1995,103,6,6.58,68.54,3.801,0.0,0.0
1995,103,7,5.81,71.114,3.804,0.0,0.0
1995,103,8,5.21,72.208,3.645,0.0,0.0
1995,103,9,4.62,73.238,3.489,0.0,0.0
1995,103,10,4.03,74.238,3.36,0.0,0.0
1995,103,11,3.79,73.025,2.966,0.0,0.0
1995,103,12,3.55,71.752,2.595,0.0,0.0
1995,103,13,3.3,70.461,2.243,0.0,14.192
1995,103,14,5.93,67.578,1.872,0.0,178.56
1995,103,15,8.55,63.968,1.589,0.0,335.848
1995,103,16,11.18,59.904,1.464,0.0,507.586
1995,103,17,13.21,53.131,1.953,0.0,667.864
1995,103,18,15.24,47.208,2.461,0.0,768.596
1995,103,19,17.27,42.027,2.963,0.0,827.367
1995,103,20,18.1,41.796,3.48,0.0,829.329
1995,103,21,18.94,41.461,4.037,0.0,759.95
1995,103,22,19.78,41.059,4.612,0.0,635.547
1995,103,23,19.11,44.849,4.354,0.0,474.112
1995,103,24,18.44,48.89,4.21,0.0,305.072
1995,104,1,17.77,53.205,4.19,0.0,90.272
1995,104,2,15.66,57.508,4.167,0.0,0.0
1995,104,3,13.56,62.052,4.157,0.0,0.0
1995,104,4,11.46,66.851,4.161,0.0,0.0
1995,104,5,10.44,70.918,4.009,0.0,0.0
1995,104,6,9.43,75.216,3.86,0.0,0.0
1995,104,7,8.41,79.865,3.71,0.0,0.0
1995,104,8,7.84,81.887,3.658,0.0,0.0
1995,104,9,7.27,83.957,3.595,0.0,0.0
1995,104,10,6.7,86.079,3.534,0.0,0.0
1995,104,11,6.36,86.759,3.524,0.0,0.0
1995,104,12,6.02,87.428,3.514,0.0,0.0
1995,104,13,5.68,88.083,3.493,0.0,17.488
1995,104,14,9.01,80.082,4.535,0.0,176.456
1995,104,15,12.35,72.047,5.613,0.0,328.527
1995,104,16,15.68,64.426,6.71,0.0,483.638
1995,104,17,17.75,60.483,7.44,0.0,635.253
1995,104,18,19.82,56.644,8.17,0.0,730.372
1995,104,19,21.89,52.947,8.91,0.0,786.543
1995,104,20,22.35,51.407,9.52,0.0,788.225
1995,104,21,22.81,49.916,10.132,0.0,722.298
1995,104,22,23.27,48.472,10.747,0.0,626.747
1995,104,23,22.44,50.972,10.279,0.0,468.014
1995,104,24,21.61,53.615,9.844,0.0,301.907
1995,105,1,20.78,56.416,9.466,0.0,89.248
1995,105,2,19.19,61.193,8.752,0.0,0.0
1995,105,3,17.61,66.392,8.059,0.0,0.0
1995,105,4,16.03,72.093,7.393,0.0,0.0
1995,105,5,15.27,73.915,7.53,0.0,0.0
1995,105,6,14.51,75.758,7.673,0.0,0.0
1995,105,7,13.76,77.575,7.83,0.0,0.0
1995,105,8,13.04,80.103,6.91,0.0,0.0
1995,105,9,12.32,82.72,6.037,0.0,0.0
1995,105,10,11.6,85.424,5.262,0.0,0.0
1995,105,11,10.79,87.666,4.674,0.0,0.0
1995,105,12,9.98,89.918,4.088,0.0,0.0
1995,105,13,9.17,92.184,3.5,0.0,19.512
1995,105,14,11.65,86.069,3.582,0.0,165.696
1995,105,15,14.14,79.873,4.127,0.058,305.492
1995,105,16,16.62,73.872,5.007,0.0,479.461
1995,105,17,17.78,68.122,2.898,0.0,628.709
1995,105,18,18.94,62.858,1.248,0.0,722.145
1995,105,19,20.1,58.035,2.13,0.0,779.606
1995,105,20,21.03,55.858,1.464,0.0,781.088
1995,105,21,21.97,53.734,0.814,0.0,715.784
1995,105,22,22.9,51.725,0.188,0.0,616.128
1995,105,23,22.64,52.521,0.351,0.0,460.541
1995,105,24,22.38,53.334,0.519,0.0,297.814
1995,106,1,22.12,54.159,0.7,0.0,110.208
1995,106,2,20.66,55.714,0.971,0.0,0.0
1995,106,3,19.21,57.106,1.27,0.0,0.0
1995,106,4,17.75,58.356,1.577,0.0,0.0
1995,106,5,16.53,64.299,2.26,0.0,0.0
1995,106,6,15.32,70.826,2.952,0.0,0.0
1995,106,7,14.1,78.094,3.657,0.0,0.0
1995,106,8,13.57,81.426,3.605,0.0,0.0
1995,106,9,13.05,84.855,3.544,0.0,0.0
1995,106,10,12.52,88.494,3.497,0.0,0.0
1995,106,11,12.6,90.351,3.648,0.0,0.0
1995,106,12,12.69,92.124,3.81,0.0,0.0
1995,106,13,12.77,93.936,3.999,0.0,15.36
1995,106,14,15.06,92.135,3.78,0.0,113.328
1995,106,15,17.35,89.246,4.597,0.0,207.005
1995,106,16,19.64,85.635,6.042,0.273,376.593
1995,106,17,21.71,80.137,6.094,0.262,493.005
1995,106,18,23.79,74.825,6.542,0.0,565.777
1995,106,19,25.86,69.822,7.317,0.0,677.72
1995,106,20,26.74,64.999,6.569,0.236,678.86
1995,106,21,27.61,60.54,5.831,0.0,622.136
1995,106,22,28.49,56.352,5.098,0.0,516.715
1995,106,23,28.05,58.677,4.233,0.0,386.61
1995,106,24,27.6,61.126,3.381,0.0,250.61
1995,107,1,27.16,63.631,2.558,1.376,65.648
1995,107,2,25.2,67.649,1.086,0.013,0.0
1995,107,3,23.23,71.848,2.512,0.0,0.0
1995,107,4,21.27,76.108,4.68,0.256,0.0
1995,107,5,19.44,80.42,5.068,0.293,0.0
1995,107,6,17.62,84.737,5.477,0.0,0.0
1995,107,7,15.79,89.108,5.894,0.238,0.0
1995,107,8,15.26,89.919,5.102,0.0,0.0
1995,107,9,14.74,90.63,4.393,0.0,0.0
1995,107,10,14.21,91.359,3.813,0.0,0.0
1995,107,11,13.46,92.17,4.337,0.0,0.0
1995,107,12,12.72,92.796,4.856,0.0,0.0
1995,107,13,11.97,93.349,5.377,0.0,21.64
1995,107,14,12.72,89.4,6.062,0.004,141.984
1995,107,15,13.46,85.697,6.762,0.104,256.995
1995,107,16,14.21,82.113,7.463,0.182,283.273
1995,107,17,14.98,83.191,6.753,0.21,370.246
1995,107,18,15.75,83.988,6.418,0.287,424.494
1995,107,19,16.52,84.526,6.534,0.169,305.9
1995,107,20,17.05,87.041,6.527,0.772,306.348
1995,107,21,17.58,89.289,6.578,2.168,280.748
1995,107,22,18.12,91.226,6.698,0.883,280.261
1995,107,23,18.36,91.277,5.504,0.598,209.894
1995,107,24,18.6,91.301,4.5,2.546,136.396
1995,108,1,18.84,91.307,3.823,4.158,85.704
1995,108,2,18.29,92.51,3.382,2.385,0.0
1995,108,3,17.75,93.641,2.962,0.551,0.0
1995,108,4,17.2,94.812,2.571,0.193,0.0
1995,108,5,17.73,93.738,2.827,2.044,0.0
1995,108,6,18.27,92.577,3.971,0.521,0.0
1995,108,7,18.8,91.451,5.472,2.352,0.0
1995,108,8,18.84,89.937,5.896,2.637,0.0
1995,108,9,18.89,88.376,6.451,0.627,0.0
1995,108,10,18.94,86.821,7.112,0.159,0.0
1995,108,11,17.6,83.179,7.488,0.0,0.0
1995,108,12,16.26,78.265,7.854,0.03,0.0
1995,108,13,14.93,71.802,8.239,0.0,33.048
1995,108,14,15.12,66.769,8.852,0.0,196.128
1995,108,15,15.32,61.797,9.625,0.504,351.942
1995,108,16,15.52,56.932,10.51,0.0,517.414
1995,108,17,15.87,55.284,10.076,0.0,675.216
1995,108,18,16.22,53.683,9.776,0.0,773.475
1995,108,19,16.58,52.095,9.635,0.0,835.495
1995,108,20,17.01,50.745,9.721,0.0,836.519
1995,108,21,17.44,49.431,9.808,0.0,766.705
1995,108,22,17.87,48.16,9.884,0.0,642.405
1995,108,23,17.37,49.376,8.485,0.0,481.589
1995,108,24,16.87,50.63,7.114,0.0,313.696
1995,109,1,16.38,51.883,5.791,0.0,99.088
1995,109,2,14.17,55.823,5.193,0.0,0.0
1995,109,3,11.97,59.847,4.597,0.0,0.0
1995,109,4,9.76,63.972,4.011,0.0,0.0
1995,109,5,8.93,66.94,3.678,0.0,0.0
1995,109,6,8.1,70.07,3.654,0.0,0.0
1995,109,7,7.27,73.362,3.92,0.0,0.0
1995,109,8,6.41,76.142,3.596,0.0,0.0
1995,109,9,5.55,79.016,3.472,0.0,0.0
1995,109,10,4.69,81.989,3.587,0.0,0.0
1995,109,11,4.08,83.614,3.434,0.048,0.0
1995,109,12,3.47,85.235,3.315,0.0,0.0
1995,109,13,2.87,86.792,3.243,0.077,36.504
1995,109,14,5.26,80.473,3.581,0.0,198.528
1995,109,15,7.66,74.223,4.186,0.0,353.294
1995,109,16,10.05,68.278,4.964,0.0,479.625
1995,109,17,11.19,66.646,4.352,0.0,624.952
1995,109,18,12.32,64.969,3.76,0.004,715.294
1995,109,19,13.45,63.225,3.201,0.004,485.769
1995,109,20,13.94,64.651,3.696,0.0,486.285
1995,109,21,14.42,65.963,4.285,0.066,445.73
1995,109,22,14.9,67.138,4.95,0.04,440.062
1995,109,23,13.89,74.096,5.018,0.093,330.207
1995,109,24,12.88,81.724,5.111,0.3,215.603
1995,110,1,11.88,90.026,5.237,0.461,55.136
1995,110,2,11.03,91.461,5.667,0.594,0.0
1995,110,3,10.18,92.797,6.136,0.633,0.0
1995,110,4,9.34,93.953,6.653,1.789,0.0
1995,110,5,9.18,93.922,6.207,1.257,0.0
1995,110,6,9.03,93.818,5.91,0.663,0.0
1995,110,7,8.87,93.762,5.793,1.228,0.0
1995,110,8,8.67,95.154,4.846,0.286,0.0
1995,110,9,8.46,96.628,3.944,0.295,0.0
1995,110,10,8.26,98.066,3.145,0.275,0.0
1995,110,11,8.05,98.119,2.653,0.143,0.0
1995,110,12,7.84,98.162,2.381,0.141,0.0
1995,110,13,7.63,98.179,2.414,0.142,38.544
1995,110,14,9.58,93.553,3.405,0.363,194.144
1995,110,15,11.53,88.741,4.591,0.0,342.731
1995,110,16,13.48,83.875,5.855,0.0,519.158
1995,110,17,15.01,77.725,5.662,0.0,675.448
1995,110,18,16.54,72.073,5.528,0.0,772.435
1995,110,19,18.07,66.874,5.47,0.0,832.253
1995,110,20,18.77,62.014,5.745,0.0,832.955
1995,110,21,19.47,57.463,6.019,0.0,763.515
1995,110,22,20.17,53.201,6.294,0.0,640.909
1995,110,23,19.77,55.458,5.45,0.0,481.38
1995,110,24,19.37,57.798,4.606,0.0,315.033
1995,111,1,18.97,60.23,3.777,0.056,89.728
1995,111,2,16.63,64.428,3.531,0.0,0.0
1995,111,3,14.3,68.558,3.47,0.0,0.0
1995,111,4,11.96,72.577,3.589,0.0,0.0
1995,111,5,11.08,74.922,3.081,0.0,0.0
1995,111,6,10.21,77.263,3.128,0.0,0.0
1995,111,7,9.34,79.65,3.699,0.0,0.0
1995,111,8,8.4,81.611,3.585,0.0,0.0
1995,111,9,7.45,83.574,3.49,0.0,0.0
1995,111,10,6.51,85.422,3.431,0.0,0.0
1995,111,11,5.97,86.808,3.361,0.0,0.0
1995,111,12,5.43,88.19,3.306,0.0,0.0
1995,111,13,4.88,89.628,3.266,0.0,40.864
1995,111,14,6.56,81.082,3.863,0.0,192.288
1995,111,15,8.23,73.503,4.545,0.0,336.859
1995,111,16,9.9,66.714,5.294,0.0,475.723
1995,111,17,11.01,64.637,5.424,0.0,618.04
1995,111,18,12.12,62.558,5.621,0.151,706.222
1995,111,19,13.22,60.528,5.865,0.009,341.044
1995,111,20,13.26,61.497,5.255,0.0,341.288
1995,111,21,13.3,62.456,4.666,0.0,312.854
1995,111,22,13.33,63.459,4.092,0.0,197.732
1995,111,23,13.03,65.35,4.16,0.0,148.666
1995,111,24,12.72,67.339,4.293,0.049,97.509
1995,112,1,12.42,69.341,4.47,0.0,94.08
1995,112,2,11.01,71.699,4.131,0.0,0.0
1995,112,3,9.59,73.974,3.895,0.0,0.0
1995,112,4,8.18,76.002,3.794,0.0,0.0
1995,112,5,7.69,77.387,3.77,0.0,0.0
1995,112,6,7.2,78.782,3.831,0.0,0.0
1995,112,7,6.7,80.245,3.956,0.0,0.0
1995,112,8,6.18,81.852,3.944,0.0,0.0
1995,112,9,5.66,83.48,3.949,0.0,0.0
1995,112,10,5.13,85.187,3.962,0.0,0.0
1995,112,11,4.56,86.572,3.859,0.0,0.0
1995,112,12,3.99,87.94,3.761,0.0,0.0
1995,112,13,3.42,89.299,3.658,0.0,45.328
1995,112,14,5.87,77.806,4.998,0.0,200.688
1995,112,15,8.31,67.992,6.376,0.0,348.954
1995,112,16,10.76,59.507,7.771,0.0,356.896
1995,112,17,10.88,62.237,7.144,0.019,463.006
1995,112,18,11.0,64.925,6.719,0.22,528.635
1995,112,19,11.12,67.57,6.539,0.217,401.541
1995,112,20,11.24,73.246,6.242,0.3,401.736
1995,112,21,11.36,78.816,6.187,0.315,368.314
1995,112,22,11.48,84.28,6.368,0.678,332.281
1995,112,23,11.12,85.456,5.865,1.244,250.032
1995,112,24,10.77,86.589,5.383,0.3,164.388
1995,113,1,10.41,87.793,4.926,0.253,73.024
1995,113,2,9.73,89.553,4.352,0.257,0.0
1995,113,3,9.04,91.378,3.779,0.162,0.0
1995,113,4,8.36,93.133,3.206,0.103,0.0
1995,113,5,8.17,93.713,3.331,0.13,0.0
1995,113,6,7.99,94.224,3.607,0.522,0.0
1995,113,7,7.8,94.808,4.009,0.356,0.0
1995,113,8,7.28,95.127,4.32,0.597,0.0
1995,113,9,6.76,95.363,4.653,1.527,0.0
1995,113,10,6.25,95.439,4.992,1.209,0.0
1995,113,11,6.1,95.999,4.965,1.065,0.0
1995,113,12,5.96,96.488,4.97,2.088,0.0
1995,113,13,5.82,96.981,5.024,2.303,19.208
1995,113,14,6.51,94.411,5.39,0.923,80.496
1995,113,15,7.19,91.947,5.77,0.557,138.991
1995,113,16,7.88,89.483,6.142,0.399,161.629
1995,113,17,8.89,82.73,6.147,0.587,209.397
1995,113,18,9.9,76.522,6.164,0.113,238.908
1995,113,19,10.91,70.809,6.172,0.0,468.025
1995,113,20,11.58,66.155,5.721,0.0,468.158
1995,113,21,12.24,61.828,5.295,0.0,429.238
1995,113,22,12.91,57.724,4.909,0.0,482.874
1995,113,23,13.09,57.549,3.932,0.0,363.732
1995,113,24,13.26,57.408,2.979,0.0,239.669
1995,114,1,13.44,57.23,2.061,0.0,109.024
1995,114,2,11.75,60.183,1.465,0.0,0.0
1995,114,3,10.07,63.089,1.883,0.0,0.0
1995,114,4,8.39,65.93,2.907,0.0,0.0
1995,114,5,7.52,69.551,3.203,0.0,0.0
1995,114,6,6.66,73.347,3.509,0.0,0.0
1995,114,7,5.79,77.435,3.806,0.0,0.0
1995,114,8,5.15,79.631,3.712,0.0,0.0
1995,114,9,4.51,81.886,3.629,0.0,0.0
1995,114,10,3.88,84.139,3.576,0.0,0.0
1995,114,11,3.56,85.423,3.479,0.0,0.0
1995,114,12,3.24,86.717,3.392,0.0,0.0
1995,114,13,2.93,87.97,3.298,0.0,53.64
1995,114,14,5.97,83.137,3.282,0.0,213.888
1995,114,15,9.01,77.306,3.3,0.0,366.745
1995,114,16,12.06,71.045,3.356,0.0,525.034
1995,114,17,13.81,63.703,3.394,0.0,679.278
1995,114,18,15.55,57.243,3.731,0.0,774.389
1995,114,19,17.3,51.482,4.29,0.0,667.858
1995,114,20,17.17,49.565,4.361,0.0,667.971
1995,114,21,17.03,47.644,4.432,0.0,612.466
1995,114,22,16.89,45.688,4.507,0.0,411.414
1995,114,23,16.24,49.823,3.665,0.0,310.178
1995,114,24,15.58,54.274,2.831,0.0,204.837
1995,115,1,14.93,58.99,2.028,0.0,94.48
1995,115,2,13.66,58.596,2.006,0.0,0.0
1995,115,3,12.4,57.702,2.045,0.237,0.0
1995,115,4,11.14,56.267,2.162,0.0,0.0
1995,115,5,10.26,59.069,1.085,0.0,0.0
1995,115,6,9.39,61.991,1.214,0.0,0.0
1995,115,7,8.52,65.077,2.359,0.0,0.0
1995,115,8,7.62,69.051,2.525,0.0,0.0
1995,115,9,6.73,73.249,2.758,0.0,0.0
1995,115,10,5.84,77.737,3.052,0.0,0.0
1995,115,11,5.45,80.202,3.093,0.0,0.0
1995,115,12,5.06,82.75,3.184,0.0,0.0
1995,115,13,4.67,85.385,3.311,0.0,56.696
1995,115,14,7.62,82.809,3.358,0.0,216.016
1995,115,15,10.58,78.587,3.398,0.0,367.966
1995,115,16,13.53,73.552,3.449,0.0,523.986
1995,115,17,15.15,66.239,4.396,0.0,677.027
1995,115,18,16.76,59.765,5.378,0.0,771.265
1995,115,19,18.38,53.958,6.379,0.0,794.568
1995,115,20,18.78,52.864,6.638,0.0,794.572
1995,115,21,19.18,51.794,7.007,0.0,728.649
1995,115,22,19.58,50.748,7.482,0.0,591.534
1995,115,23,19.04,53.693,7.174,0.269,446.405
1995,115,24,18.5,56.786,6.932,0.0,295.446
1995,116,1,17.95,60.075,6.75,0.0,111.68
1995,116,2,16.0,65.333,5.971,0.0,0.0
1995,116,3,14.04,71.11,5.21,0.0,0.0
1995,116,4,12.09,77.354,4.454,0.049,0.0
1995,116,5,11.79,78.339,4.877,0.0,0.0
1995,116,6,11.48,79.39,5.313,0.0,0.0
1995,116,7,11.18,80.4,5.74,0.0,0.0
1995,116,8,10.86,81.882,5.553,0.274,0.0
1995,116,9,10.53,83.452,5.369,0.166,0.0
1995,116,10,10.21,84.995,5.187,0.0,0.0
1995,116,11,9.7,86.824,4.88,0.0,0.0
1995,116,12,9.2,88.624,4.6,0.0,0.0
1995,116,13,8.69,90.522,4.329,0.0,24.608
1995,116,14,10.43,86.199,5.316,0.0,89.952
1995,116,15,12.17,81.86,6.343,0.0,152.253
1995,116,16,13.91,77.564,7.409,0.0,294.493
1995,116,17,15.19,74.914,7.68,0.013,380.033
1995,116,18,16.48,72.207,7.995,0.014,432.614
1995,116,19,17.76,69.558,8.336,0.017,660.339
1995,116,20,18.66,67.292,7.763,0.0,660.265
1995,116,21,19.56,65.087,7.22,0.0,605.533
1995,116,22,20.46,62.946,6.703,0.0,475.444
1995,116,23,19.44,64.829,4.837,0.379,359.13
1995,116,24,18.42,66.718,4.4,0.407,238.214
1995,117,1,17.39,68.652,5.719,0.615,68.88
1995,117,2,14.4,75.479,6.25,0.54,1.824
1995,117,3,11.41,82.446,6.948,0.813,0.0
1995,117,4,8.42,89.248,7.765,0.114,0.0
1995,117,5,8.03,88.044,7.08,0.0,0.0
1995,117,6,7.65,86.65,6.392,0.043,0.0
1995,117,7,7.27,85.124,5.706,0.0,0.0
1995,117,8,6.51,86.315,5.195,0.0,0.0
1995,117,9,5.75,87.408,4.707,0.0,0.0
1995,117,10,4.99,88.393,4.218,0.0,0.0
1995,117,11,4.27,89.347,3.758,0.0,0.0
1995,117,12,3.55,90.183,3.347,0.0,0.0
1995,117,13,2.83,90.886,3.028,0.0,64.416
1995,117,14,4.83,79.076,3.671,0.0,226.592
1995,117,15,6.82,69.005,4.44,0.0,381.182
1995,117,16,8.81,60.342,5.265,0.0,548.863
1995,117,17,9.98,56.199,5.076,0.0,707.391
1995,117,18,11.14,52.406,4.888,0.0,804.73
1995,117,19,12.3,48.903,4.701,0.0,851.597
1995,117,20,12.85,48.046,4.159,0.0,851.387
1995,117,21,13.4,47.198,3.624,0.595,780.895
1995,117,22,13.95,46.353,3.108,0.0,651.011
1995,117,23,13.73,47.136,2.24,0.0,492.207
1995,117,24,13.5,47.964,1.468,0.0,327.19
1995,118,1,13.28,48.773,0.998,0.0,124.0
1995,118,2,11.77,51.094,1.19,0.0,4.984
1995,118,3,10.26,53.425,1.775,0.0,0.0
1995,118,4,8.76,55.712,2.488,0.0,0.0
1995,118,5,7.85,59.941,2.511,0.0,0.0
1995,118,6,6.94,64.513,2.558,0.0,0.0
1995,118,7,6.03,69.455,2.637,0.0,0.0
1995,118,8,5.86,69.476,2.13,0.0,0.0
1995,118,9,5.69,69.496,1.654,0.0,0.0
1995,118,10,5.52,69.502,1.249,0.0,0.0
1995,118,11,4.68,73.731,1.788,0.0,0.0
1995,118,12,3.85,78.187,2.34,0.0,0.0
1995,118,13,3.01,83.0,2.888,0.0,65.224
1995,118,14,6.12,77.24,3.218,0.0,221.488
1995,118,15,9.24,70.881,3.602,0.0,370.436
1995,118,16,12.36,64.45,4.037,0.0,479.852
1995,118,17,13.9,59.056,4.781,0.0,617.713
1995,118,18,15.45,54.126,5.539,0.0,702.244
1995,118,19,16.99,49.695,6.3,0.0,622.105
1995,118,20,17.22,50.736,6.445,0.0,621.887
1995,118,21,17.45,51.731,6.611,0.0,570.455
1995,118,22,17.68,52.688,6.809,0.0,421.983
1995,118,23,17.27,56.633,6.509,0.0,319.335
1995,118,24,16.85,60.79,6.223,0.0,212.736
1995,119,1,16.44,65.089,5.954,0.0,78.48
1995,119,2,15.41,69.195,5.047,0.0,4.2
1995,119,3,14.39,73.555,4.143,0.0,0.0
1995,119,4,13.37,78.222,3.24,0.0,0.0
1995,119,5,13.06,79.391,3.391,0.0,0.0
1995,119,6,12.75,80.576,3.544,0.0,0.0
1995,119,7,12.44,81.786,3.705,0.0,0.0
1995,119,8,12.05,84.161,3.129,0.0,0.0
1995,119,9,11.67,86.56,2.573,0.151,0.0
1995,119,10,11.28,89.086,2.022,6.32,0.0
1995,119,11,10.98,91.786,2.255,0.664,0.0
1995,119,12,10.68,94.565,3.519,1.624,0.0
1995,119,13,10.38,97.423,5.098,7.157,41.112
1995,119,14,10.89,95.123,4.739,1.486,135.136
1995,119,15,11.39,92.939,4.457,0.571,224.722
1995,119,16,11.9,90.757,4.256,1.146,247.178
1995,119,17,12.72,90.041,3.872,0.718,317.817
1995,119,18,13.55,89.131,3.524,0.677,361.079
1995,119,19,14.38,88.102,3.242,0.23,257.594
1995,119,20,14.93,86.817,2.768,0.399,257.462
1995,119,21,15.48,85.529,2.945,0.166,236.202
1995,119,22,16.03,84.238,3.681,0.0,307.797
1995,119,23,16.0,83.539,3.156,0.0,233.149
1995,119,24,15.98,82.786,2.695,0.164,155.64
1995,120,1,15.95,82.081,2.354,0.019,110.16
1995,120,2,14.77,85.007,2.419,0.125,7.32
1995,120,3,13.6,87.884,2.675,0.045,0.0
1995,120,4,12.42,90.799,3.07,0.0,0.0
1995,120,5,11.65,91.998,2.821,0.0,0.0
1995,120,6,10.87,93.157,2.821,0.0,0.0
1995,120,7,10.1,94.146,3.086,0.0,0.0
1995,120,8,9.45,94.932,3.083,0.0,0.0
1995,120,9,8.8,95.623,3.105,0.0,0.0
1995,120,10,8.15,96.208,3.158,0.009,0.0
1995,120,11,8.05,97.111,2.829,0.0,0.0
1995,120,12,7.95,98.023,2.532,0.0,0.0
1995,120,13,7.84,99.015,2.262,0.01,66.88
1995,120,14,9.76,93.984,2.714,0.0,213.248
1995,120,15,11.68,88.897,3.174,0.0,352.705
1995,120,16,13.6,83.838,3.626,0.041,313.804
1995,120,17,14.12,82.384,3.829,0.0,403.044
1995,120,18,14.64,80.946,4.332,0.184,457.617
1995,120,19,15.16,79.522,5.031,0.0,358.414
1995,120,20,15.27,79.761,5.061,0.036,358.212
1995,120,21,15.38,79.993,5.09,0.004,328.665
1995,120,22,15.5,80.161,5.109,0.031,223.482
1995,120,23,15.3,82.979,5.325,0.059,169.438
1995,120,24,15.1,85.852,5.531,0.023,113.35
1995,121,1,14.9,88.791,5.737,0.043,60.864
1995,121,2,13.84,90.857,4.96,0.226,4.816
1995,121,3,12.78,92.815,4.324,0.829,0.0
1995,121,4,11.72,94.639,3.894,0.865,0.0
1995,121,5,11.43,95.059,4.43,1.938,0.0
1995,121,6,11.13,95.529,5.022,0.593,0.0
1995,121,7,10.84,95.924,5.643,1.627,0.0
1995,121,8,11.05,96.175,4.853,2.114,0.0
1995,121,9,11.25,96.471,4.307,0.376,0.0
1995,121,10,11.46,96.675,4.101,1.279,0.0
1995,121,11,11.29,95.808,4.769,1.06,0.0
1995,121,12,11.12,94.902,5.463,1.389,0.0
1995,121,13,10.95,93.967,6.173,1.384,15.232
1995,121,14,10.57,92.314,6.592,0.009,47.216
1995,121,15,10.2,90.455,7.011,0.009,80.031
1995,121,16,9.83,88.442,7.431,0.0,187.357
1995,121,17,10.38,86.929,6.96,0.0,241.63
1995,121,18,10.94,85.371,6.506,0.0,277.127
1995,121,19,11.5,83.822,6.054,0.003,355.662
1995,121,20,11.74,81.458,5.742,0.0,354.327
1995,121,21,11.99,79.094,5.435,0.0,335.676
1995,121,22,12.23,76.838,5.134,0.0,319.878
1995,121,23,11.76,77.85,5.173,0.0,246.952
1995,121,24,11.29,78.856,5.202,0.003,158.298
1995,122,1,10.82,79.856,5.232,0.0,75.664
1995,122,2,9.78,81.777,4.43,0.0,6.912
1995,122,3,8.74,83.601,3.635,0.0,0.0
1995,122,4,7.7,85.308,2.879,0.0,0.0
1995,122,5,7.46,85.191,2.345,0.0,0.0
1995,122,6,7.21,85.113,1.818,0.0,0.0
1995,122,7,6.96,85.01,1.3,0.0,0.0
1995,122,8,6.76,85.771,1.062,0.0,0.0
1995,122,9,6.56,86.535,0.837,0.0,0.0
1995,122,10,6.37,87.244,0.63,0.0,0.0
1995,122,11,6.46,88.223,0.766,0.0,0.0
1995,122,12,6.56,89.12,0.943,0.0,0.0
1995,122,13,6.65,90.066,1.134,0.0,72.0
1995,122,14,8.27,78.474,1.25,0.0,217.424
1995,122,15,9.88,68.469,1.68,0.0,366.724
1995,122,16,11.5,59.729,2.241,0.0,449.806
1995,122,17,12.22,60.372,2.508,0.0,579.504
1995,122,18,12.95,60.801,2.821,0.0,664.241
1995,122,19,13.67,61.11,3.159,0.035,522.765
1995,122,20,13.95,61.556,3.203,0.0,520.77
1995,122,21,14.24,61.928,3.392,0.0,493.41
1995,122,22,14.53,62.262,3.721,0.0,388.858
1995,122,23,14.16,66.074,3.739,0.117,300.471
1995,122,24,13.79,70.028,3.755,0.0,193.001
1995,123,1,13.42,74.142,3.776,0.0,37.52
1995,123,2,12.93,76.24,3.189,0.0,3.872
1995,123,3,12.43,78.46,2.843,0.0,0.0
1995,123,4,11.94,80.702,2.827,0.0,0.0
1995,123,5,11.7,82.672,2.923,0.0,0.0
1995,123,6,11.46,84.695,3.029,0.0,0.0
1995,123,7,11.22,86.758,3.131,0.0,0.0
1995,123,8,9.88,89.281,3.829,4.233,0.0
1995,123,9,8.54,91.605,4.547,0.0,0.0
1995,123,10,7.19,93.717,5.283,0.059,0.0
1995,123,11,7.39,93.521,4.842,0.026,0.0
1995,123,12,7.58,93.385,4.406,0.528,0.0
1995,123,13,7.77,93.232,3.976,0.164,21.008
1995,123,14,8.84,92.824,4.427,0.483,61.904
1995,123,15,9.91,92.069,4.886,0.039,103.91
1995,123,16,10.98,91.016,5.367,0.082,153.323
1995,123,17,11.6,90.929,5.441,0.055,197.321
1995,123,18,12.22,90.724,5.51,0.076,226.04
1995,123,19,12.84,90.402,5.585,0.295,219.065
1995,123,20,13.03,90.904,5.654,1.272,218.206
1995,123,21,13.22,91.379,5.833,0.893,206.783
1995,123,22,13.4,91.888,6.108,0.678,198.633
1995,123,23,12.81,91.483,5.721,0.174,153.633
1995,123,24,12.21,90.988,5.373,0.036,98.891
1995,124,1,11.62,90.262,5.061,0.638,69.248
1995,124,2,11.33,92.757,4.038,1.169,7.952
1995,124,3,11.04,95.324,3.113,0.126,0.0
1995,124,4,10.76,97.892,2.415,0.648,0.0
1995,124,5,10.5,96.577,2.06,0.0,0.0
1995,124,6,10.25,95.124,1.791,0.113,0.0
1995,124,7,9.99,93.653,1.654,1.076,0.0
1995,124,8,9.64,95.074,1.611,0.172,0.0
1995,124,9,9.29,96.517,1.844,0.0,0.0
1995,124,10,8.94,97.982,2.269,0.154,0.0
1995,124,11,9.1,98.36,2.312,0.027,0.0
1995,124,12,9.26,98.72,2.388,0.0,0.0
1995,124,13,9.42,99.062,2.499,0.0,76.344
1995,124,14,11.37,92.158,2.56,0.0,219.872
1995,124,15,13.32,85.633,3.18,0.0,367.331
1995,124,16,15.26,79.553,4.118,0.0,494.607
1995,124,17,16.05,75.966,4.19,0.0,635.93
1995,124,18,16.84,72.567,4.265,0.0,728.099
1995,124,19,17.62,69.381,4.334,0.0,545.844
1995,124,20,17.85,69.202,4.539,0.0,543.684
1995,124,21,18.07,69.058,4.738,0.0,515.283
1995,124,22,18.29,68.91,4.94,0.0,529.573
1995,124,23,18.02,69.719,4.623,0.0,409.97
1995,124,24,17.74,70.586,4.382,0.0,264.397
1995,125,1,17.46,71.462,4.219,0.0,116.608
1995,125,2,16.05,76.036,3.638,0.0,14.696
1995,125,3,14.63,80.968,3.22,0.0,0.0
1995,125,4,13.22,86.174,3.031,0.0,0.0
1995,125,5,12.68,88.276,2.891,0.0,0.0
1995,125,6,12.14,90.437,2.81,0.0,0.0
1995,125,7,11.6,92.652,2.792,0.0,0.0
1995,125,8,11.27,92.442,2.084,0.0,0.0
1995,125,9,10.94,92.177,1.372,0.0,0.0
1995,125,10,10.61,91.86,0.699,0.0,0.0
1995,125,11,10.34,92.826,1.244,0.0,0.0
1995,125,12,10.07,93.804,1.797,0.0,0.0
1995,125,13,9.79,94.857,2.361,0.0,80.72
1995,125,14,11.61,87.635,2.138,0.0,227.536
1995,125,15,13.42,81.025,2.217,0.0,378.418
1995,125,16,15.24,74.875,2.572,0.0,503.288
1995,125,17,16.08,70.633,3.014,0.0,646.461
1995,125,18,16.92,66.654,3.474,0.0,739.775
1995,125,19,17.76,62.919,3.939,0.0,703.842
1995,125,20,18.25,62.461,3.396,0.0,701.024
1995,125,21,18.74,61.978,3.181,0.032,664.494
1995,125,22,19.23,61.474,3.337,0.044,540.588
1995,125,23,18.85,62.882,3.497,0.077,418.864
1995,125,24,18.46,64.371,3.959,0.078,270.672
1995,126,1,18.08,65.858,4.62,0.046,150.08
1995,126,2,16.68,70.557,4.845,0.474,20.56
1995,126,3,15.27,75.675,5.149,0.023,0.0
1995,126,4,13.87,81.159,5.519,0.553,0.0
1995,126,5,13.65,83.235,4.769,0.369,0.0
1995,126,6,13.44,85.299,4.274,0.0,0.0
1995,126,7,13.22,87.464,4.141,0.391,0.0
1995,126,8,12.78,89.828,3.622,0.341,0.0
1995,126,9,12.34,92.261,3.148,0.244,0.0
1995,126,10,11.9,94.771,2.759,0.0,0.0
1995,126,11,11.83,94.392,3.098,0.159,0.0
1995,126,12,11.75,94.068,3.439,0.0,0.0
1995,126,13,11.67,93.741,3.772,0.053,50.512
1995,126,14,12.3,92.421,4.197,0.01,139.552
1995,126,15,12.93,91.067,4.623,0.46,231.104
1995,126,16,13.56,89.688,5.05,1.147,244.954
1995,126,17,14.54,90.369,4.704,1.872,314.364
1995,126,18,15.52,90.662,4.419,0.805,359.55
1995,126,19,16.5,90.613,4.206,2.636,395.348
1995,126,20,17.05,90.022,4.744,3.001,393.75
1995,126,21,17.6,89.375,5.588,1.746,373.279
1995,126,22,18.15,88.68,6.612,0.316,491.781
1995,126,23,18.55,87.946,6.318,0.619,381.393
1995,126,24,18.95,87.197,6.211,0.353,246.942
1995,127,1,19.34,86.491,6.286,0.109,131.552
1995,127,2,18.02,89.38,5.5,0.062,19.416
1995,127,3,16.7,92.192,4.919,0.081,0.0
1995,127,4,15.38,94.893,4.633,0.0,0.0
1995,127,5,14.45,95.636,4.114,0.0,0.0
1995,127,6,13.52,96.142,3.633,0.0,0.0
1995,127,7,12.59,96.381,3.175,0.0,0.0
1995,127,8,12.2,96.424,2.964,0.0,0.0
1995,127,9,11.82,96.35,2.85,0.0,0.0
1995,127,10,11.43,96.282,2.843,0.0,0.0
1995,127,11,11.95,95.459,3.015,0.0,0.0
1995,127,12,12.46,94.653,3.194,0.0,0.0
1995,127,13,12.98,93.751,3.38,0.075,59.856
1995,127,14,15.06,92.638,4.025,0.019,162.256
1995,127,15,17.15,90.422,4.867,0.597,267.606
1995,127,16,19.24,87.482,5.826,0.021,397.549
1995,127,17,21.0,82.009,5.886,0.004,509.706
1995,127,18,22.76,76.844,5.977,0.035,582.72
1995,127,19,24.52,71.977,6.102,0.051,374.301
1995,127,20,24.34,72.277,7.026,3.714,372.765
1995,127,21,24.16,72.579,7.969,3.086,353.453
1995,127,22,23.98,72.879,8.925,0.749,357.53
1995,127,23,23.59,74.108,8.437,0.735,277.52
1995,127,24,23.19,75.405,7.972,0.295,180.034
1995,128,1,22.79,76.727,7.525,5.496,60.704
1995,128,2,21.95,81.561,7.076,1.944,9.592
1995,128,3,21.12,86.665,6.706,4.434,0.0
1995,128,4,20.28,92.168,6.423,1.347,0.0
1995,128,5,19.76,93.123,5.123,1.968,0.0
1995,128,6,19.24,94.051,3.909,11.061,0.0
1995,128,7,18.72,94.951,2.906,2.061,0.0
1995,128,8,18.4,95.58,2.301,2.216,0.0
1995,128,9,18.08,96.204,1.909,1.428,0.0
1995,128,10,17.76,96.818,1.856,1.529,0.0
1995,128,11,17.93,96.687,1.896,1.725,0.0
1995,128,12,18.1,96.55,1.93,0.731,0.0
1995,128,13,18.27,96.402,1.98,0.287,64.808
1995,128,14,18.52,91.855,3.927,0.0,172.576
1995,128,15,18.78,87.369,6.056,0.0,283.496
1995,128,16,19.04,83.008,8.24,0.0,447.661
1995,128,17,20.12,79.802,8.522,0.0,573.474
1995,128,18,21.19,76.75,8.839,0.0,655.296
1995,128,19,22.26,73.795,9.2,0.0,664.772
1995,128,20,22.13,70.149,9.243,0.0,662.053
1995,128,21,22.0,66.434,9.388,0.0,627.874
1995,128,22,21.86,62.691,9.631,0.0,424.451
1995,128,23,21.13,64.362,8.627,0.0,329.759
1995,128,24,20.39,66.112,7.633,0.0,214.326
1995,129,1,19.66,67.858,6.636,0.0,101.44
1995,129,2,18.08,72.501,5.835,0.0,17.048
1995,129,3,16.5,77.47,5.138,0.0,0.0
1995,129,4,14.92,82.777,4.586,0.0,0.0
1995,129,5,14.51,84.644,4.764,0.0,0.0
1995,129,6,14.1,86.557,4.961,0.0,0.0
1995,129,7,13.69,88.521,5.168,0.0,0.0
1995,129,8,13.78,88.5,5.579,0.0,0.0
1995,129,9,13.87,88.471,6.036,0.0,0.0
1995,129,10,13.96,88.445,6.541,0.0,0.0
1995,129,11,13.5,89.365,6.291,0.0,0.0
1995,129,12,13.03,90.328,6.105,0.0,0.0
1995,129,13,12.57,91.219,5.98,0.0,94.096
1995,129,14,14.27,85.374,6.118,0.0,246.432
1995,129,15,15.97,79.867,6.376,0.0,403.261
1995,129,16,17.68,74.646,6.733,0.0,571.56
1995,129,17,18.98,69.974,7.149,0.0,731.579
1995,129,18,20.27,65.675,7.602,0.0,835.605
1995,129,19,21.57,61.631,8.092,0.0,845.851
1995,129,20,22.2,59.461,7.97,0.0,842.357
1995,129,21,22.84,57.343,7.865,0.0,799.008
1995,129,22,23.47,55.343,7.75,0.0,695.702
1995,129,23,23.24,57.215,6.82,0.0,540.964
1995,129,24,23.01,59.132,5.899,0.0,352.261
1995,130,1,22.78,61.094,4.978,0.0,100.064
1995,130,2,21.37,63.647,5.058,0.0,17.792
1995,130,3,19.97,66.181,5.178,0.0,0.0
1995,130,4,18.56,68.754,5.348,0.0,0.0
1995,130,5,17.41,70.277,5.068,0.0,0.0
1995,130,6,16.27,71.635,4.86,0.0,0.0
1995,130,7,15.12,72.883,4.72,0.0,0.0
1995,130,8,14.34,74.206,4.935,0.0,0.0
1995,130,9,13.57,75.441,5.148,0.0,0.0
1995,130,10,12.79,76.684,5.379,0.0,0.0
1995,130,11,12.45,77.878,5.464,0.0,0.0
1995,130,12,12.11,79.094,5.552,0.0,0.0
1995,130,13,11.76,80.384,5.632,0.0,51.976
1995,130,14,12.28,80.263,6.136,0.0,134.0
1995,130,15,12.8,80.073,6.64,0.0,218.468
1995,130,16,13.32,79.82,7.151,0.0,267.203
1995,130,17,13.92,79.558,6.853,0.0,341.748
1995,130,18,14.52,79.213,6.689,0.0,390.169
1995,130,19,15.12,78.8,6.681,0.0,411.275
1995,130,20,15.54,77.835,6.251,0.0,409.579
1995,130,21,15.95,76.921,5.833,0.0,388.565
1995,130,22,16.37,75.96,5.422,0.0,402.24
1995,130,23,16.22,76.231,5.094,0.0,313.038
1995,130,24,16.06,76.55,4.809,0.0,204.233
1995,131,1,15.91,76.819,4.571,0.0,90.624
1995,131,2,14.97,80.415,3.913,0.0,16.984
1995,131,3,14.03,84.191,3.26,0.0,0.0
1995,131,4,13.09,88.167,2.598,0.0,0.0
1995,131,5,12.85,89.317,2.512,0.0,0.0
1995,131,6,12.6,90.546,2.432,0.0,0.0
1995,131,7,12.36,91.728,2.361,0.0,0.0
1995,131,8,12.15,92.916,2.143,0.0,0.0
1995,131,9,11.95,94.055,1.972,0.0,0.0
1995,131,10,11.75,95.209,1.871,0.0,0.0
1995,131,11,11.91,94.086,1.787,0.0,0.0
1995,131,12,12.07,92.979,1.755,0.0,0.0
1995,131,13,12.24,91.825,1.792,0.0,56.048
1995,131,14,13.17,84.827,2.194,0.0,142.384
1995,131,15,14.11,78.322,2.616,0.0,231.324
1995,131,16,15.05,72.318,3.037,0.0,389.586
1995,131,17,15.9,69.808,2.566,0.0,497.905
1995,131,18,16.76,67.339,2.25,0.0,568.221
1995,131,19,17.61,64.998,2.163,0.0,455.258
1995,131,20,17.61,65.903,2.26,0.0,453.372
1995,131,21,17.6,66.85,2.379,0.0,430.191
1995,131,22,17.6,67.754,2.518,0.0,432.906
1995,131,23,17.43,67.964,1.69,0.0,337.217
1995,131,24,17.26,68.17,1.169,0.0,220.397
1995,132,1,17.09,68.374,1.348,0.0,143.344
1995,132,2,15.96,67.279,1.304,0.0,28.184
1995,132,3,14.84,65.634,1.498,0.0,0.0
1995,132,4,13.72,63.401,1.859,0.0,0.0
1995,132,5,12.66,67.836,1.66,0.0,0.0
1995,132,6,11.6,72.621,2.144,0.0,0.0
1995,132,7,10.54,77.788,2.988,0.0,0.0
1995,132,8,9.99,80.396,3.08,0.0,0.0
1995,132,9,9.44,83.104,3.219,0.0,0.0
1995,132,10,8.89,85.921,3.376,0.0,0.0
1995,132,11,8.88,87.477,3.189,0.0,0.0
1995,132,12,8.88,88.972,3.143,0.0,0.0
1995,132,13,8.87,90.527,3.242,0.0,94.992
1995,132,14,11.62,86.504,3.479,0.0,237.952
1995,132,15,14.37,81.587,3.763,0.0,385.31
1995,132,16,17.12,76.222,4.091,0.005,536.515
1995,132,17,18.71,72.43,5.32,0.0,685.172
1995,132,18,20.31,68.705,6.57,0.0,781.633
1995,132,19,21.91,65.106,7.831,0.0,390.748
1995,132,20,21.73,68.198,8.193,0.01,389.119
1995,132,21,21.55,71.343,8.635,0.002,369.279
1995,132,22,21.38,74.496,9.165,0.001,361.999
1995,132,23,21.35,77.203,8.73,0.003,282.227
1995,132,24,21.32,79.916,8.296,0.0,184.791
1995,133,1,21.29,82.633,7.867,0.0,128.864
1995,133,2,20.23,84.988,7.84,0.002,26.496
1995,133,3,19.18,87.28,7.822,0.0,0.0
1995,133,4,18.12,89.594,7.813,0.001,0.0
1995,133,5,18.01,90.826,7.926,0.0,0.0
1995,133,6,17.9,92.068,8.089,0.0,0.0
1995,133,7,17.8,93.265,8.299,0.0,0.0
1995,133,8,17.96,94.161,7.956,0.007,0.0
1995,133,9,18.12,95.026,7.638,0.002,0.0
1995,133,10,18.29,95.806,7.328,0.0,0.0
1995,133,11,18.69,95.936,7.411,0.008,0.0
1995,133,12,19.09,96.011,7.533,0.0,0.0
1995,133,13,19.5,95.969,7.713,0.01,99.024
1995,133,14,21.22,92.477,7.84,0.0,244.8
1995,133,15,22.94,88.833,8.175,0.0,395.145
1995,133,16,24.66,85.109,8.698,0.0,570.478
1995,133,17,25.8,77.529,7.748,0.0,728.032
1995,133,18,26.94,70.615,6.961,0.0,830.221
1995,133,19,28.08,64.304,6.363,0.0,842.463
1995,133,20,28.43,60.768,5.955,0.0,838.977
1995,133,21,28.77,57.381,5.536,0.0,796.392
1995,133,22,29.12,54.07,5.136,0.0,698.555
1995,133,23,28.65,55.685,4.369,0.0,545.076
1995,133,24,28.18,57.354,3.623,0.0,357.548
1995,134,1,27.71,59.078,2.887,0.0,155.664
1995,134,2,26.53,57.692,2.135,0.0,33.368
1995,134,3,25.35,55.816,1.555,0.0,0.0
1995,134,4,24.17,53.371,1.415,0.0,0.0
1995,134,5,22.83,57.847,0.939,0.0,0.0
1995,134,6,21.48,62.788,1.9,0.0,0.0
1995,134,7,20.14,68.166,3.19,0.0,0.0
1995,134,8,19.25,70.575,2.995,0.0,0.0
1995,134,9,18.37,73.013,3.239,0.0,0.0
1995,134,10,17.48,75.577,3.835,0.0,0.0
1995,134,11,16.59,75.599,4.406,0.0,0.0
1995,134,12,15.7,75.389,4.977,0.0,0.0
1995,134,13,14.81,74.908,5.561,0.0,94.088
1995,134,14,15.58,73.204,5.796,0.0,229.728
1995,134,15,16.36,71.463,6.032,0.0,369.66
1995,134,16,17.13,69.79,6.272,0.108,352.51
1995,134,17,17.95,69.189,5.777,0.0,449.568
1995,134,18,18.77,68.498,5.362,0.0,512.47
1995,134,19,19.59,67.724,5.061,0.0,696.923
1995,134,20,20.63,65.998,4.774,0.0,694.068
1995,134,21,21.66,64.293,4.536,0.0,658.978
1995,134,22,22.7,62.539,4.365,0.0,699.28
1995,134,23,22.53,63.731,4.244,0.0,546.111
1995,134,24,22.35,64.981,4.128,0.0,358.859
1995,135,1,22.18,66.212,4.002,0.0,182.128
1995,135,2,20.21,70.744,3.949,0.039,40.584
1995,135,3,18.25,75.426,3.885,0.0,0.0
1995,135,4,16.28,80.323,3.825,0.0,0.0
1995,135,5,15.56,81.419,3.606,0.0,0.0
1995,135,6,14.85,82.403,3.399,0.0,0.0
1995,135,7,14.13,83.374,3.185,0.0,0.0
1995,135,8,13.96,82.542,2.419,0.058,0.0
1995,135,9,13.78,81.731,1.687,0.0,0.0
1995,135,10,13.61,80.842,1.092,0.0,0.0
1995,135,11,13.26,83.529,0.724,0.0,0.0
1995,135,12,12.92,86.246,0.614,0.0,0.0
1995,135,13,12.58,89.05,0.866,0.0,105.824
1995,135,14,14.86,85.869,1.734,0.0,255.36
1995,135,15,17.13,82.128,2.601,0.0,409.699
1995,135,16,19.41,77.979,3.469,0.0,561.209
1995,135,17,20.95,72.338,3.347,0.0,715.24
1995,135,18,22.49,67.152,3.601,0.0,815.078
1995,135,19,24.04,62.34,4.153,0.0,818.788
1995,135,20,25.01,61.485,4.085,0.0,815.439
1995,135,21,25.99,60.508,4.239,0.0,774.378
1995,135,22,26.96,59.497,4.575,0.0,676.324
1995,135,23,26.86,63.13,4.491,0.0,528.635
1995,135,24,26.76,66.794,4.415,0.0,347.977
1995,136,1,26.66,70.491,4.345,0.0,155.152
1995,136,2,25.05,75.401,4.094,0.0,35.856
1995,136,3,23.45,80.632,3.871,0.0,0.0
1995,136,4,21.84,86.305,3.672,0.0,0.0
1995,136,5,21.59,88.519,3.722,0.0,0.0
1995,136,6,21.34,90.781,3.784,0.005,0.0
1995,136,7,21.09,93.096,3.845,0.072,0.0
1995,136,8,21.46,93.121,4.822,0.019,0.0
1995,136,9,21.84,93.044,5.841,0.0,0.0
1995,136,10,22.21,92.979,6.896,1.389,0.0
1995,136,11,22.42,92.82,6.417,0.567,0.0
1995,136,12,22.63,92.653,5.972,4.529,0.0
1995,136,13,22.85,92.42,5.555,0.204,78.16
1995,136,14,24.03,88.831,6.713,0.559,186.528
1995,136,15,25.21,85.351,7.912,0.542,298.429
1995,136,16,26.39,81.98,9.136,0.0,557.594
1995,136,17,27.58,75.98,8.857,0.0,710.218
1995,136,18,28.77,70.46,8.629,0.0,809.105
1995,136,19,29.96,65.378,8.459,0.0,794.918
1995,136,20,29.87,65.94,8.601,0.0,791.737
1995,136,21,29.77,66.541,8.77,0.0,752.004
1995,136,22,29.68,67.11,8.964,0.0,584.288
1995,136,23,28.94,69.173,8.339,0.0,457.069
1995,136,24,28.2,71.304,7.739,0.529,301.396
1995,137,1,27.45,73.548,7.15,0.298,100.416
1995,137,2,26.26,78.192,6.4,0.336,24.008
1995,137,3,25.06,83.223,5.662,0.492,0.0
1995,137,4,23.86,88.628,4.919,0.0,0.0
1995,137,5,22.94,90.59,4.433,0.0,0.0
1995,137,6,22.02,92.517,3.963,0.0,0.0
1995,137,7,21.1,94.4,3.515,0.301,0.0
1995,137,8,21.12,95.163,3.085,0.455,0.0
1995,137,9,21.14,95.924,2.669,1.649,0.0
1995,137,10,21.15,96.736,2.274,0.444,0.0
1995,137,11,21.19,96.123,2.041,1.22,0.0
1995,137,12,21.24,95.449,2.278,1.546,0.0
1995,137,13,21.28,94.838,2.873,0.576,53.568
1995,137,14,21.03,93.903,3.341,7.194,126.528
1995,137,15,20.79,92.863,3.81,6.407,201.882
1995,137,16,20.55,91.773,4.278,13.756,231.872
1995,137,17,20.29,89.627,3.35,4.378,295.149
1995,137,18,20.03,87.385,2.552,0.882,336.165
1995,137,19,19.78,84.987,2.016,2.333,424.484
1995,137,20,19.81,85.61,2.575,0.817,422.778
1995,137,21,19.85,86.177,3.184,4.639,401.677
1995,137,22,19.89,86.743,3.824,0.594,329.841
1995,137,23,18.77,87.362,4.388,3.772,258.237
1995,137,24,17.65,87.667,5.031,2.61,170.574
1995,138,1,16.53,87.6,5.714,1.988,81.264
1995,138,2,15.36,89.613,5.748,2.239,20.064
1995,138,3,14.18,91.524,5.861,4.352,0.0
1995,138,4,13.01,93.175,6.054,0.565,0.0
1995,138,5,12.67,93.219,5.303,0.853,0.0
1995,138,6,12.34,93.163,4.574,2.719,0.0
1995,138,7,12.01,93.061,3.902,0.468,0.0
1995,138,8,11.76,93.506,4.063,0.363,0.0
1995,138,9,11.52,93.877,4.24,0.424,0.0
1995,138,10,11.27,94.308,4.43,0.0,0.0
1995,138,11,10.94,94.235,4.354,0.0,0.0
1995,138,12,10.6,94.184,4.281,0.0,0.0
1995,138,13,10.26,94.081,4.21,0.0,87.808
1995,138,14,11.03,92.947,4.15,0.0,205.36
1995,138,15,11.8,91.726,4.712,0.654,326.836
1995,138,16,12.57,90.424,5.711,1.012,206.99
1995,138,17,12.8,89.03,5.851,0.045,263.346
1995,138,18,13.03,87.663,6.168,0.08,299.841
1995,138,19,13.27,86.261,6.63,0.0,428.7
1995,138,20,13.94,82.749,6.399,0.0,427.024
1995,138,21,14.62,79.35,6.19,0.0,405.768
1995,138,22,15.3,76.108,6.002,0.0,465.298
1995,138,23,15.37,74.812,5.529,0.0,364.585
1995,138,24,15.44,73.525,5.116,0.0,241.223
1995,139,1,15.51,72.253,4.752,0.0,138.656
1995,139,2,14.56,75.714,4.113,0.0,35.28
1995,139,3,13.62,79.308,3.485,0.0,0.0
1995,139,4,12.68,83.083,2.847,0.0,0.0
1995,139,5,12.5,83.093,2.532,0.0,0.0
1995,139,6,12.33,83.031,2.22,0.0,0.0
1995,139,7,12.16,82.963,1.911,0.0,0.0
1995,139,8,11.54,82.751,1.595,0.0,0.0
1995,139,9,10.93,82.333,1.456,0.0,0.0
1995,139,10,10.31,81.813,1.533,0.0,0.0
1995,139,11,9.86,84.203,1.325,0.0,0.0
1995,139,12,9.4,86.728,1.118,0.0,0.0
1995,139,13,8.95,89.28,0.921,0.0,116.56
1995,139,14,11.36,84.273,0.922,0.0,270.08
1995,139,15,13.78,78.963,0.987,0.0,428.792
1995,139,16,16.19,73.665,1.109,0.0,595.099
1995,139,17,17.21,66.468,1.229,0.0,756.724
1995,139,18,18.23,59.911,1.442,0.0,861.362
1995,139,19,19.24,53.972,1.712,0.0,869.74
1995,139,20,19.76,53.3,0.942,0.0,866.402
1995,139,21,20.27,52.652,0.196,0.0,823.442
1995,139,22,20.79,51.967,0.64,0.0,728.82
1995,139,23,20.62,52.649,0.702,0.0,571.538
1995,139,24,20.46,53.308,0.779,0.0,378.765
1995,140,1,20.29,54.007,0.87,0.0,169.76
1995,140,2,18.77,55.032,1.295,0.019,44.44
1995,140,3,17.25,55.785,1.83,0.0,0.0
1995,140,4,15.72,56.228,2.392,0.0,0.0
1995,140,5,15.33,58.011,2.093,0.0,0.0
1995,140,6,14.93,59.893,1.784,0.009,0.0
1995,140,7,14.54,61.795,1.49,0.0,0.0
1995,140,8,13.97,64.902,1.566,0.0,0.0
1995,140,9,13.4,68.163,1.647,0.0,0.0
1995,140,10,12.83,71.592,1.736,0.0,0.0
1995,140,11,12.6,75.716,1.94,0.0,0.0
1995,140,12,12.36,80.009,2.158,0.0,0.0
1995,140,13,12.13,84.365,2.369,0.0,106.728
1995,140,14,14.53,81.601,2.599,0.0,245.168
1995,140,15,16.93,78.087,2.835,0.0,388.321
1995,140,16,19.33,74.122,3.076,0.0,531.726
1995,140,17,20.52,69.614,2.857,0.0,675.795
1995,140,18,21.7,65.455,2.653,0.073,769.075
1995,140,19,22.89,61.537,2.434,0.461,651.809
1995,140,20,23.2,60.737,2.058,0.0,649.344
1995,140,21,23.51,59.947,1.719,0.0,617.316
1995,140,22,23.82,59.167,1.467,0.0,606.282
1995,140,23,23.46,60.433,1.66,0.0,475.83
1995,140,24,23.1,61.727,1.945,0.0,315.849
1995,141,1,22.74,63.053,2.3,0.588,108.064
1995,141,2,21.48,65.345,1.061,0.888,29.064
1995,141,3,20.23,67.603,0.968,0.0,0.0
1995,141,4,18.97,69.895,2.181,0.0,0.0
1995,141,5,17.72,75.538,2.478,0.0,0.0
1995,141,6,16.47,81.697,2.905,0.0,0.0
1995,141,7,15.22,88.426,3.402,0.0,0.0
1995,141,8,14.84,90.689,3.297,0.0,0.0
1995,141,9,14.46,93.015,3.23,2.068,0.0
1995,141,10,14.09,95.345,3.203,0.0,0.0
1995,141,11,13.71,95.015,3.481,2.072,0.0
1995,141,12,13.34,94.552,3.835,1.828,0.0
1995,141,13,12.96,94.08,4.246,0.705,64.696
1995,141,14,14.01,91.851,3.65,1.925,147.392
1995,141,15,15.06,89.564,3.068,0.023,232.951
1995,141,16,16.11,87.23,2.482,0.042,291.833
1995,141,17,16.14,86.879,1.96,6.474,370.73
1995,141,18,16.17,86.527,1.525,0.0,421.798
1995,141,19,16.2,86.179,1.252,0.0,463.326
1995,141,20,17.37,83.386,1.671,0.0,461.595
1995,141,21,18.54,80.601,2.216,0.0,438.921
1995,141,22,19.71,77.844,2.813,0.0,611.08
1995,141,23,20.06,77.634,2.77,0.0,479.973
1995,141,24,20.42,77.352,2.733,0.0,319.109
1995,142,1,20.78,77.049,2.718,0.0,165.936
1995,142,2,19.4,80.666,2.821,0.0,45.768
1995,142,3,18.02,84.389,2.927,0.0,0.0
1995,142,4,16.64,88.201,3.034,0.0,0.0
1995,142,5,16.16,89.462,3.005,0.0,0.0
1995,142,6,15.69,90.664,3.061,0.0,0.0
1995,142,7,15.21,91.928,3.179,0.0,0.0
1995,142,8,14.86,92.684,3.089,0.0,0.0
1995,142,9,14.5,93.494,3.063,0.0,0.0
1995,142,10,14.15,94.234,3.086,0.0,0.0
1995,142,11,14.24,95.091,2.715,0.0,0.0
1995,142,12,14.33,95.928,2.346,0.0,0.0
1995,142,13,14.42,96.755,1.969,0.0,114.816
1995,142,14,16.91,91.066,2.188,0.0,259.567
1995,142,15,19.39,85.257,2.681,0.0,409.376
1995,142,16,21.88,79.413,3.321,0.0,550.645
1995,142,17,23.2,75.71,3.859,0.0,699.197
1995,142,18,24.52,72.159,4.397,0.0,795.371
1995,142,19,25.85,68.72,4.945,0.012,727.328
1995,142,20,26.08,67.903,5.108,0.004,724.693
1995,142,21,26.32,67.056,5.278,0.0,689.245
1995,142,22,26.56,66.221,5.455,0.0,476.636
1995,142,23,26.19,67.895,5.445,0.0,374.669
1995,142,24,25.81,69.656,5.489,0.0,249.486
1995,143,1,25.43,71.466,5.595,0.0,167.344
1995,143,2,24.18,75.022,5.271,0.0,47.272
1995,143,3,22.93,78.757,4.959,0.71,0.0
1995,143,4,21.68,82.675,4.668,0.198,0.0
1995,143,5,20.87,84.551,4.165,0.154,0.0
1995,143,6,20.06,86.424,3.671,0.0,0.0
1995,143,7,19.25,88.294,3.188,0.152,0.0
1995,143,8,18.77,88.722,3.05,0.126,0.0
1995,143,9,18.28,89.156,2.916,0.0,0.0
1995,143,10,17.8,89.488,2.778,0.0,0.0
1995,143,11,17.79,89.519,3.64,0.056,0.0
1995,143,12,17.79,89.497,4.513,0.001,0.0
1995,143,13,17.78,89.529,5.394,0.003,85.648
1995,143,14,19.23,87.454,5.96,0.028,192.208
1995,143,15,20.68,85.142,6.856,0.087,302.55
1995,143,16,22.13,82.659,7.986,0.16,390.706
1995,143,17,23.28,80.154,7.185,0.227,495.908
1995,143,18,24.43,77.656,6.388,0.059,563.993
1995,143,19,25.58,75.182,5.601,0.0,537.269
1995,143,20,26.24,72.778,5.166,0.0,535.37
1995,143,21,26.9,70.462,4.747,0.0,509.302
1995,143,22,27.57,68.188,4.359,0.0,469.723
1995,143,23,26.94,69.181,3.287,0.189,369.527
1995,143,24,26.32,70.121,2.351,0.272,246.434
1995,144,1,25.7,71.048,1.759,0.611,91.648
1995,144,2,23.8,75.465,1.548,0.105,26.488
1995,144,3,21.89,80.082,2.192,0.452,0.0
1995,144,4,19.99,84.775,3.212,0.434,0.0
1995,144,5,18.44,87.724,4.211,0.234,0.0
1995,144,6,16.89,90.498,5.23,0.368,0.0
1995,144,7,15.35,92.949,6.261,0.897,0.0
1995,144,8,14.25,92.903,5.886,0.219,0.0
1995,144,9,13.15,92.409,5.572,0.0,0.0
1995,144,10,12.05,91.396,5.322,1.059,0.0
1995,144,11,11.72,91.752,5.368,0.517,0.0
1995,144,12,11.4,92.018,5.419,0.045,0.0
1995,144,13,11.07,92.316,5.496,0.212,58.52
1995,144,14,11.42,91.714,5.014,0.807,130.448
1995,144,15,11.78,91.039,4.532,2.392,204.941
1995,144,16,12.13,90.414,4.07,0.074,227.163
1995,144,17,13.12,88.576,3.916,0.128,288.228
1995,144,18,14.11,86.652,3.787,0.298,327.752
1995,144,19,15.1,84.666,3.684,0.0,339.707
1995,144,20,15.77,84.049,3.47,0.0,338.549
1995,144,21,16.44,83.346,3.287,0.0,322.149
1995,144,22,17.11,82.574,3.149,0.0,356.205
1995,144,23,17.03,83.715,3.202,0.034,280.44
1995,144,24,16.95,84.864,3.25,1.656,187.3
1995,145,1,16.87,86.025,3.289,0.007,75.632
1995,145,2,15.93,87.718,3.361,0.011,22.328
1995,145,3,14.99,89.329,3.434,0.148,0.0
1995,145,4,14.04,90.899,3.499,0.94,0.0
1995,145,5,13.35,92.609,2.705,0.075,0.0
1995,145,6,12.65,94.369,2.09,1.012,0.0
1995,145,7,11.95,96.109,1.842,0.066,0.0
1995,145,8,11.86,96.562,0.817,0.084,0.0
1995,145,9,11.77,97.02,0.605,0.274,0.0
1995,145,10,11.68,97.483,1.574,0.054,0.0
1995,145,11,11.84,96.235,1.514,0.0,0.0
1995,145,12,12.0,95.001,1.553,0.01,0.0
1995,145,13,12.16,93.782,1.692,0.005,83.472
1995,145,14,13.41,91.379,2.19,0.311,184.88
1995,145,15,14.66,88.839,2.7,0.0,289.956
1995,145,16,15.91,86.205,3.216,0.0,451.6
1995,145,17,17.09,82.497,2.963,0.37,572.77
1995,145,18,18.28,78.877,2.747,0.135,651.217
1995,145,19,19.47,75.399,2.579,0.06,590.699
1995,145,20,19.54,75.09,2.482,0.077,588.723
1995,145,21,19.61,74.785,2.755,0.04,560.316
1995,145,22,19.69,74.433,3.305,0.028,551.998
1995,145,23,19.58,74.922,2.853,0.053,434.898
1995,145,24,19.47,75.413,2.411,0.113,290.893
1995,146,1,19.36,75.91,1.995,0.057,157.376
1995,146,2,18.28,79.988,2.196,0.115,47.424
1995,146,3,17.2,84.31,2.408,0.05,0.0
1995,146,4,16.12,88.891,2.62,0.033,0.0
1995,146,5,15.64,90.848,2.565,0.0,0.0
1995,146,6,15.15,92.913,2.527,0.09,0.0
1995,146,7,14.67,94.964,2.501,0.05,0.0
1995,146,8,14.39,95.812,2.206,0.834,0.0
1995,146,9,14.1,96.73,2.022,0.0,0.0
1995,146,10,13.82,97.589,1.966,0.29,0.0
1995,146,11,14.1,96.749,2.491,0.13,0.0
1995,146,12,14.39,95.849,3.197,0.738,0.0
1995,146,13,14.67,95.01,3.981,1.77,57.76
1995,146,14,15.58,93.88,3.11,0.065,127.168
1995,146,15,16.49,92.61,2.687,0.068,199.104
1995,146,16,17.41,91.166,2.918,0.669,231.738
1995,146,17,17.58,91.569,2.624,0.601,293.83
1995,146,18,17.75,91.95,2.437,1.096,334.009
1995,146,19,17.92,92.316,2.383,4.228,448.434
1995,146,20,18.96,90.578,2.444,1.639,446.993
1995,146,21,19.99,88.787,2.628,2.07,425.525
1995,146,22,21.03,86.855,2.911,0.457,378.495
1995,146,23,21.18,85.435,2.807,0.875,298.441
1995,146,24,21.34,83.985,2.744,0.149,199.914
1995,147,1,21.5,82.556,2.693,0.01,125.168
1995,147,2,19.77,86.985,2.585,0.528,38.456
1995,147,3,18.05,91.431,2.516,2.22,0.0
1995,147,4,16.32,95.961,2.488,0.561,0.0
1995,147,5,16.7,95.756,2.747,0.286,0.0
1995,147,6,17.07,95.571,3.025,0.02,0.0
1995,147,7,17.45,95.288,3.32,0.022,0.0
1995,147,8,17.86,94.477,3.934,0.029,0.0
1995,147,9,18.27,93.643,5.341,1.403,0.0
1995,147,10,18.69,92.729,7.087,1.514,0.0
1995,147,11,19.08,93.004,6.539,0.217,0.0
1995,147,12,19.48,93.166,6.199,0.497,0.0
1995,147,13,19.88,93.266,6.102,3.925,65.848
1995,147,14,20.5,89.603,6.93,3.659,144.16
1995,147,15,21.13,86.046,7.797,0.592,225.375
1995,147,16,21.75,82.695,8.703,1.124,384.074
1995,147,17,22.65,78.369,8.902,0.116,486.808
1995,147,18,23.55,74.295,9.091,0.0,553.344
1995,147,19,24.44,70.5,9.293,0.0,615.616
1995,147,20,24.85,69.874,9.443,0.127,613.69
1995,147,21,25.26,69.241,9.657,0.0,584.373
1995,147,22,25.66,68.641,9.951,0.113,547.616
1995,147,23,25.26,71.568,9.424,0.0,432.111
1995,147,24,24.86,74.601,8.898,0.0,289.85
1995,148,1,24.46,77.741,8.374,0.04,99.344
1995,148,2,23.84,80.545,7.568,0.0,31.08
1995,148,3,23.23,83.41,6.86,0.0,0.0
1995,148,4,22.61,86.446,6.285,0.427,0.0
1995,148,5,21.44,84.389,5.554,0.282,0.0
1995,148,6,20.26,81.624,5.473,0.248,0.0
1995,148,7,19.09,77.935,6.09,0.147,0.0
1995,148,8,17.66,78.112,5.84,0.049,0.0
1995,148,9,16.23,77.688,5.595,0.068,0.0
1995,148,10,14.81,76.488,5.354,0.0,0.0
1995,148,11,14.48,77.281,5.0,0.0,0.0
1995,148,12,14.16,78.026,4.705,0.0,0.0
1995,148,13,13.84,78.771,4.48,0.0,125.688
1995,148,14,15.32,76.337,5.357,0.0,273.76
1995,148,15,16.79,73.824,6.283,0.0,427.352
1995,148,16,18.27,71.184,7.239,0.0,589.743
1995,148,17,19.07,69.401,7.369,0.0,747.291
1995,148,18,19.86,67.685,7.502,0.0,849.338
1995,148,19,20.66,65.953,7.65,0.0,747.954
1995,148,20,20.95,65.461,7.237,0.0,745.715
1995,148,21,21.24,64.968,6.904,0.0,710.266
1995,148,22,21.53,64.475,6.663,0.0,581.477
1995,148,23,20.88,65.813,6.034,0.0,459.153
1995,148,24,20.24,67.122,5.558,0.0,308.41
1995,149,1,19.6,68.442,5.275,0.0,167.936
1995,149,2,18.3,71.592,4.492,0.0,53.464
1995,149,3,17.0,74.839,3.709,0.0,0.0
1995,149,4,15.7,78.178,2.946,0.0,0.0
1995,149,5,15.36,79.358,2.811,0.0,0.0
1995,149,6,15.02,80.562,2.69,0.0,0.0
1995,149,7,14.68,81.781,2.616,0.0,0.0
1995,149,8,14.17,82.099,2.496,0.0,0.0
1995,149,9,13.67,82.303,2.452,0.0,0.0
1995,149,10,13.16,82.492,2.478,0.0,0.0
1995,149,11,13.24,83.418,2.268,0.0,0.0
1995,149,12,13.32,84.334,2.117,0.0,0.0
1995,149,13,13.41,85.182,2.044,0.0,125.744
1995,149,14,14.86,78.535,2.79,0.0,272.563
1995,149,15,16.32,72.427,3.551,0.009,424.917
1995,149,16,17.78,66.85,4.305,0.0,482.955
1995,149,17,18.17,66.18,4.003,0.0,611.818
1995,149,18,18.57,65.47,3.71,0.041,695.311
1995,149,19,18.96,64.802,3.43,0.0,560.248
1995,149,20,19.46,64.046,3.033,0.007,558.658
1995,149,21,19.96,63.283,3.045,0.0,532.246
1995,149,22,20.47,62.473,3.447,0.125,491.233
1995,149,23,20.05,64.919,2.824,0.042,388.159
1995,149,24,19.64,67.409,2.39,0.0,261.087
1995,150,1,19.23,69.994,2.25,0.047,106.144
1995,150,2,18.39,72.902,1.463,0.0,34.36
1995,150,3,17.56,75.901,1.681,1.102,0.0
1995,150,4,16.72,79.082,2.663,0.012,0.0
1995,150,5,16.45,79.395,2.538,0.013,0.0
1995,150,6,16.17,79.752,2.429,0.0,0.0
1995,150,7,15.9,80.049,2.34,0.0,0.0
1995,150,8,15.63,81.498,2.448,0.0,0.0
1995,150,9,15.37,82.926,2.557,0.0,0.0
1995,150,10,15.1,84.435,2.678,0.006,0.0
1995,150,11,15.12,85.689,2.38,0.007,0.0
1995,150,12,15.13,86.995,2.091,0.009,0.0
1995,150,13,15.15,88.248,1.795,0.0,29.824
1995,150,14,15.78,87.896,2.041,0.0,64.364
1995,150,15,16.41,87.446,2.42,0.053,100.209
1995,150,16,17.04,86.913,2.887,0.077,140.385
1995,150,17,17.67,85.06,3.152,0.0,177.787
1995,150,18,18.3,83.234,3.491,0.114,202.039
1995,150,19,18.93,81.437,3.899,0.104,264.905
1995,150,20,18.32,84.848,4.091,0.376,264.2
1995,150,21,17.71,88.416,4.289,0.168,251.762
1995,150,22,17.1,92.152,4.491,0.796,264.019
1995,150,23,17.84,89.906,4.574,0.0,208.765
1995,150,24,18.59,87.639,4.68,0.147,140.605
1995,151,1,19.33,85.463,4.826,0.068,143.152
1995,151,2,17.61,88.582,4.123,0.068,47.064
1995,151,3,15.89,91.418,3.721,2.774,0.0
1995,151,4,14.17,93.847,3.698,0.0,0.0
1995,151,5,13.94,94.869,3.409,0.009,0.0
1995,151,6,13.72,95.841,3.295,0.009,0.0
1995,151,7,13.49,96.888,3.367,1.626,0.0
1995,151,8,13.4,97.777,2.82,0.0,0.0
1995,151,9,13.31,98.677,2.305,0.0,0.0
1995,151,10,13.22,99.584,1.849,0.016,0.0
1995,151,11,13.51,97.718,1.873,0.0,0.0
1995,151,12,13.8,95.892,1.994,0.493,0.0
1995,151,13,14.08,94.166,2.195,0.118,76.896
1995,151,14,15.55,91.917,2.416,0.0,165.24
1995,151,15,17.02,89.393,2.651,0.059,256.998
1995,151,16,18.48,86.724,2.89,0.487,381.639
1995,151,17,19.31,81.014,2.104,0.072,483.261
1995,151,18,20.13,75.732,1.413,0.099,549.133
1995,151,19,20.96,70.752,1.028,0.375,451.853
1995,151,20,20.73,73.041,0.7,2.397,450.683
1995,151,21,20.51,75.329,0.678,0.411,429.578
1995,151,22,20.29,77.672,0.971,0.367,435.979
1995,151,23,20.28,76.604,1.164,0.154,344.984
1995,151,24,20.27,75.536,1.676,0.504,232.638
1995,152,1,20.26,74.469,2.313,0.392,127.888
1995,152,2,19.41,76.574,1.313,0.012,42.528
1995,152,3,18.56,78.715,0.645,0.0,0.0
1995,152,4,17.72,80.835,1.195,0.0,0.0
1995,152,5,17.38,82.454,0.886,0.012,0.0
1995,152,6,17.04,84.106,0.78,0.0,0.0
1995,152,7,16.7,85.795,0.951,0.0,0.0
1995,152,8,16.3,87.551,1.167,0.401,0.0
1995,152,9,15.9,89.346,1.423,0.0,0.0
1995,152,10,15.5,91.185,1.7,0.0,0.0
1995,152,11,15.73,91.504,1.531,0.389,0.0
1995,152,12,15.97,91.74,1.395,0.581,0.0
1995,152,13,16.2,92.004,1.302,0.667,93.384
1995,152,14,17.27,87.699,1.33,0.005,199.916
1995,152,15,18.34,83.612,1.441,0.013,325.46
1995,152,16,19.41,79.728,1.62,0.0,469.345
1995,152,17,20.29,75.286,1.524,0.054,594.748
1995,152,18,21.17,71.112,1.592,0.003,683.869
1995,152,19,22.05,67.196,1.804,0.001,646.885
1995,152,20,22.31,65.325,1.256,0.0,645.09
1995,152,21,22.58,63.458,1.011,0.004,604.836
1995,152,22,22.84,61.678,1.25,0.006,483.389
1995,152,23,22.63,63.11,1.595,0.008,392.51
1995,152,24,22.42,64.573,1.945,0.002,270.751
1995,153,1,22.22,66.022,2.298,0.0,146.752
1995,153,2,21.41,70.378,1.85,0.0,49.496
1995,153,3,20.6,75.032,1.444,0.0,0.0
1995,153,4,19.79,80.001,1.128,0.0,0.0
1995,153,5,19.31,81.855,1.445,0.0,0.0
1995,153,6,18.84,83.705,1.758,0.0,0.0
1995,153,7,18.36,85.656,2.089,0.0,0.0
1995,153,8,17.9,86.977,2.099,0.0,0.0
1995,153,9,17.45,88.255,2.291,0.0,0.0
1995,153,10,16.99,89.603,2.613,0.0,0.0
1995,153,11,17.18,89.0,2.006,0.0,0.0
1995,153,12,17.38,88.345,1.446,0.0,0.0
1995,153,13,17.57,87.749,1.002,0.0,87.552
1995,153,14,19.01,85.215,1.354,0.0,186.779
1995,153,15,20.44,82.591,1.697,0.0,303.766
1995,153,16,21.87,79.874,2.051,0.0,386.674
1995,153,17,22.89,77.163,1.95,0.008,489.917
1995,153,18,23.9,74.566,1.838,0.0,563.311
1995,153,19,24.92,71.994,1.729,0.0,619.083
1995,153,20,25.35,68.186,1.572,0.0,617.478
1995,153,21,25.79,64.492,1.451,0.023,579.087
1995,153,22,26.22,60.984,1.375,0.186,629.699
1995,153,23,26.06,62.498,1.525,0.0,511.652
1995,153,24,25.9,64.035,1.852,0.109,353.367
1995,154,1,25.74,65.596,2.261,0.128,178.128
1995,154,2,24.14,70.672,2.613,1.414,60.88
1995,154,3,22.54,76.189,2.982,0.032,0.0
1995,154,4,20.94,82.193,3.38,0.0,0.0
1995,154,5,20.22,84.262,3.333,0.005,0.0
1995,154,6,19.49,86.424,3.332,0.007,0.0
1995,154,7,18.77,88.57,3.366,0.007,0.0
1995,154,8,18.2,89.295,3.221,0.083,0.0
1995,154,9,17.64,89.916,3.09,0.009,0.0
1995,154,10,17.07,90.535,2.962,0.0,0.0
1995,154,11,17.24,90.666,3.15,0.03,0.0
1995,154,12,17.41,90.788,3.33,0.017,0.0
1995,154,13,17.59,90.841,3.521,0.098,82.96
1995,154,14,19.14,88.59,3.147,0.382,176.419
1995,154,15,20.69,86.069,2.779,0.13,286.687
1995,154,16,22.24,83.358,2.424,1.23,349.66
1995,154,17,23.18,81.631,2.74,0.419,442.956
1995,154,18,24.11,79.92,3.12,2.418,509.307
1995,154,19,25.05,78.135,3.546,0.776,567.941
1995,154,20,25.45,74.791,3.43,0.391,566.569
1995,154,21,25.86,71.525,3.388,0.0,531.463
1995,154,22,26.26,68.416,3.416,0.0,655.443
1995,154,23,26.01,68.846,3.804,0.076,532.928
1995,154,24,25.76,69.275,4.198,0.025,368.499
1995,155,1,25.51,69.706,4.596,0.027,182.704
1995,155,2,24.23,74.096,4.065,0.641,63.248
1995,155,3,22.95,78.8,3.587,0.05,0.0
1995,155,4,21.67,83.841,3.182,0.0,0.0
1995,155,5,21.04,85.774,3.179,0.015,0.0
1995,155,6,20.4,87.799,3.226,0.004,0.0
1995,155,7,19.77,89.811,3.32,0.007,0.0
1995,155,8,19.44,91.121,3.094,0.124,0.0
1995,155,9,19.12,92.394,2.973,0.492,0.0
1995,155,10,18.79,93.745,2.978,0.522,0.0
1995,155,11,19.05,93.22,2.833,0.592,0.0
1995,155,12,19.32,92.633,2.701,0.54,0.0
1995,155,13,19.58,92.101,2.614,1.518,52.4
1995,155,14,20.63,90.748,2.236,6.615,111.127
1995,155,15,21.68,89.25,1.923,1.987,180.433
1995,155,16,22.73,87.631,1.698,0.153,378.859
1995,155,17,23.68,81.686,2.473,0.0,479.897
1995,155,18,24.63,76.164,3.251,0.576,551.789
1995,155,19,25.59,70.99,4.03,0.173,680.286
1995,155,20,26.05,68.839,4.37,0.0,678.696
1995,155,21,26.52,66.72,4.705,0.0,636.823
1995,155,22,26.99,64.67,5.053,0.0,680.078
1995,155,23,26.82,65.996,4.82,0.0,553.297
1995,155,24,26.64,67.383,4.634,0.0,383.032
1995,156,1,26.47,68.75,4.491,0.0,200.672
1995,156,2,25.14,72.37,3.769,0.0,70.304
1995,156,3,23.8,76.225,3.052,0.017,0.0
1995,156,4,22.47,80.232,2.343,0.011,0.0
1995,156,5,22.07,82.768,2.269,0.085,0.0
1995,156,6,21.66,85.438,2.494,0.405,0.0
1995,156,7,21.26,88.141,2.963,0.007,0.0
1995,156,8,21.11,89.149,2.707,0.623,0.0
1995,156,9,20.96,90.173,2.542,1.662,0.0
1995,156,10,20.81,91.206,2.509,1.915,0.0
1995,156,11,20.99,92.065,2.463,5.317,0.0
1995,156,12,21.17,92.898,2.547,4.235,0.0
1995,156,13,21.35,93.703,2.734,0.838,62.864
1995,156,14,22.17,90.049,2.503,0.485,132.979
1995,156,15,23.0,86.504,2.928,1.474,215.782
1995,156,16,23.82,83.166,3.79,0.62,316.743
1995,156,17,24.16,80.277,4.493,0.307,401.18
1995,156,18,24.51,77.429,5.217,0.543,461.288
1995,156,19,24.85,74.714,5.96,0.347,631.898
1995,156,20,25.03,72.971,5.961,0.0,630.541
1995,156,21,25.2,71.304,5.975,0.097,591.783
1995,156,22,25.38,69.622,6.002,0.216,617.717
1995,156,23,25.13,70.178,5.685,0.0,502.877
1995,156,24,24.88,70.735,5.366,0.0,348.513
1995,157,1,24.64,71.255,5.05,0.89,127.056
1995,157,2,23.26,75.611,4.567,0.028,45.024
1995,157,3,21.89,80.208,4.086,0.0,0.0
1995,157,4,20.51,85.155,3.601,0.165,0.0
1995,157,5,20.33,86.428,3.387,2.147,0.0
1995,157,6,20.16,87.667,3.197,0.11,0.0
1995,157,7,19.98,88.976,3.033,0.128,0.0
1995,157,8,19.79,89.558,2.932,0.489,0.0
1995,157,9,19.6,90.141,2.876,0.262,0.0
1995,157,10,19.41,90.727,2.842,0.809,0.0
1995,157,11,19.49,91.018,2.72,0.453,0.0
1995,157,12,19.57,91.305,2.63,0.434,0.0
1995,157,13,19.66,91.532,2.553,0.468,115.696
1995,157,14,21.35,87.114,3.171,0.027,244.175
1995,157,15,23.05,82.729,3.78,0.0,395.964
1995,157,16,24.75,78.46,4.388,0.023,455.413
1995,157,17,25.59,76.34,5.006,0.054,576.787
1995,157,18,26.44,74.217,5.624,0.062,663.221
1995,157,19,27.29,72.143,6.232,0.0,709.297
1995,157,20,27.69,71.354,6.222,0.005,707.904
1995,157,21,28.09,70.568,6.212,0.0,664.525
1995,157,22,28.49,69.781,6.201,0.0,728.734
1995,157,23,28.4,71.448,5.795,0.0,593.605
1995,157,24,28.3,73.174,5.399,0.0,411.836
1995,158,1,28.21,74.872,5.013,0.0,205.008
1995,158,2,26.73,80.104,4.503,0.0,73.44
1995,158,3,25.24,85.801,3.992,0.0,0.0
1995,158,4,23.76,91.903,3.484,0.0,0.0
1995,158,5,23.44,92.975,3.217,0.0,0.0
1995,158,6,23.13,94.001,2.952,0.067,0.0
1995,158,7,22.81,95.091,2.684,0.005,0.0
1995,158,8,22.43,95.361,2.796,0.0,0.0
1995,158,9,22.04,95.658,2.908,0.0,0.0
1995,158,10,21.66,95.858,3.029,0.0,0.0
1995,158,11,21.76,95.493,3.331,0.0,0.0
1995,158,12,21.87,95.073,3.652,0.0,0.0
1995,158,13,21.97,94.711,3.966,0.0,105.712
1995,158,14,23.59,90.644,4.514,0.0,222.688
1995,158,15,25.21,86.611,5.42,0.403,360.922
1995,158,16,26.83,82.643,6.54,0.106,531.675
1995,158,17,28.19,80.052,5.452,0.0,673.359
1995,158,18,29.55,77.43,4.377,0.0,774.282
1995,158,19,30.91,74.802,3.339,0.0,868.75
1995,158,20,31.61,72.452,3.788,0.0,867.181
1995,158,21,32.32,70.146,4.288,0.0,814.298
1995,158,22,33.02,67.962,4.821,0.0,622.004
1995,158,23,32.66,69.423,4.852,0.0,506.971
1995,158,24,32.3,70.92,4.873,0.0,352.099
1995,159,1,31.94,72.454,4.904,0.021,176.72
1995,159,2,30.63,76.826,4.23,0.0,63.952
1995,159,3,29.32,81.496,3.554,0.0,0.0
1995,159,4,28.02,86.437,2.874,0.0,0.0
1995,159,5,27.42,88.772,2.81,0.0,0.0
1995,159,6,26.83,91.124,2.878,0.0,0.0
1995,159,7,26.23,93.598,3.086,0.247,0.0
1995,159,8,25.68,93.708,2.881,0.061,0.0
1995,159,9,25.14,93.675,2.798,0.032,0.0
1995,159,10,24.59,93.604,2.827,0.0,0.0
1995,159,11,24.56,93.112,2.691,4.873,0.0
1995,159,12,24.54,92.564,2.709,0.739,0.0
1995,159,13,24.51,92.069,2.878,0.316,51.256
1995,159,14,24.78,90.243,2.545,0.63,107.792
1995,159,15,25.04,88.506,2.255,2.671,174.642
1995,159,16,25.31,86.751,2.01,2.026,230.352
1995,159,17,25.23,83.265,1.95,3.255,291.733
1995,159,18,25.15,79.74,1.882,1.168,335.488
1995,159,19,25.08,76.133,1.823,2.731,384.242
1995,159,20,25.43,75.418,2.208,2.055,383.617
1995,159,21,25.78,74.705,3.252,1.532,360.292
1995,159,22,26.13,73.995,4.519,0.0,512.342
1995,159,23,26.07,75.803,4.189,0.413,417.83
1995,159,24,26.02,77.576,3.877,0.466,290.481
1995,160,1,25.96,79.404,3.568,0.0,198.16
1995,160,2,24.84,81.932,3.631,0.243,72.408
1995,160,3,23.72,84.48,3.701,0.198,0.0
1995,160,4,22.59,87.089,3.788,3.624,0.0
1995,160,5,22.32,87.699,3.447,1.377,0.0
1995,160,6,22.05,88.308,3.888,1.012,0.0
1995,160,7,21.78,88.912,4.915,2.238,0.0
1995,160,8,21.51,91.049,4.686,10.294,0.0
1995,160,9,21.23,93.292,4.45,7.828,0.0
1995,160,10,20.96,95.533,4.215,5.728,0.0
1995,160,11,20.69,95.062,4.002,1.729,0.0
1995,160,12,20.41,94.608,4.215,0.604,0.0
1995,160,13,20.14,94.057,4.786,1.471,68.304
1995,160,14,21.35,92.282,4.557,1.988,143.457
1995,160,15,22.57,90.281,4.505,0.092,232.313
1995,160,16,23.78,88.206,4.626,0.22,330.531
1995,160,17,24.67,83.696,5.052,0.594,418.584
1995,160,18,25.56,79.444,5.865,0.202,481.417
1995,160,19,26.45,75.436,6.918,2.192,429.243
1995,160,20,26.44,73.619,6.503,0.352,428.613
1995,160,21,26.43,71.798,6.114,0.906,402.674
1995,160,22,26.42,69.974,5.753,1.603,355.004
1995,160,23,26.2,71.847,4.98,1.545,289.681
1995,160,24,25.98,73.758,4.211,0.671,201.581
1995,161,1,25.76,75.707,3.475,1.973,99.696
1995,161,2,24.88,81.421,2.814,9.351,36.76
1995,161,3,24.0,87.56,2.218,28.932,0.0
1995,161,4,23.12,94.16,1.734,4.168,0.0
1995,161,5,23.0,93.907,1.442,1.259,0.0
1995,161,6,22.88,93.645,1.199,13.602,0.0
1995,161,7,22.76,93.378,1.051,4.439,0.0
1995,161,8,22.58,92.592,0.832,1.332,0.0
1995,161,9,22.4,91.779,0.636,0.867,0.0
1995,161,10,22.22,90.938,0.498,0.435,0.0
1995,161,11,22.15,91.448,0.213,0.658,0.0
1995,161,12,22.07,92.015,0.851,0.684,0.0
1995,161,13,22.0,92.533,1.514,0.581,104.336
1995,161,14,22.31,89.345,2.92,0.02,218.869
1995,161,15,22.63,86.196,4.454,0.087,354.377
1995,161,16,22.94,83.188,6.02,0.019,449.625
1995,161,17,23.43,79.192,5.691,0.07,569.448
1995,161,18,23.93,75.318,5.352,0.127,654.972
1995,161,19,24.42,71.651,5.02,0.05,734.459
1995,161,20,24.62,69.305,4.857,0.076,733.505
1995,161,21,24.81,67.047,4.727,0.074,689.265
1995,161,22,25.01,64.791,4.633,0.019,642.048
1995,161,23,24.68,65.123,4.158,0.033,524.183
1995,161,24,24.35,65.449,3.758,0.023,365.127
1995,162,1,24.03,65.728,3.481,0.021,206.864
1995,162,2,22.23,69.75,3.667,0.02,76.936
1995,162,3,20.42,73.975,3.867,0.005,0.0
1995,162,4,18.62,78.287,4.07,0.0,0.0
1995,162,5,18.19,78.464,4.753,0.0,0.0
1995,162,6,17.75,78.642,5.438,0.002,0.0
1995,162,7,17.31,78.772,6.124,0.002,0.0
1995,162,8,16.65,81.421,4.95,0.034,0.0
1995,162,9,15.99,84.166,3.814,0.006,0.0
1995,162,10,15.33,87.019,2.767,0.007,0.0
1995,162,11,15.16,87.315,2.698,0.019,0.0
1995,162,12,14.99,87.607,2.784,0.018,0.0
1995,162,13,14.82,87.898,3.014,0.033,124.984
1995,162,14,15.9,82.835,3.5,0.01,261.973
1995,162,15,16.97,78.15,4.005,0.005,424.086
1995,162,16,18.05,73.718,4.511,0.005,525.228
1995,162,17,18.53,71.778,4.839,0.007,665.227
1995,162,18,19.01,69.895,5.165,0.006,765.186
1995,162,19,19.49,68.067,5.496,0.005,633.639
1995,162,20,19.96,66.33,5.271,0.007,632.946
1995,162,21,20.43,64.639,5.044,0.003,594.923
1995,162,22,20.9,63.0,4.82,0.0,586.928
1995,162,23,20.89,63.024,4.395,0.013,479.428
1995,162,24,20.88,63.048,3.972,0.002,334.258
1995,163,1,20.86,63.111,3.552,0.0,192.576
1995,163,2,19.53,64.724,3.277,0.0,72.2
1995,163,3,18.2,66.2,3.005,0.0,0.0
1995,163,4,16.86,67.537,2.747,0.0,0.0
1995,163,5,16.19,69.18,2.391,0.0,0.0
1995,163,6,15.51,70.898,2.29,0.0,0.0
1995,163,7,14.84,72.602,2.465,0.0,0.0
1995,163,8,14.27,74.339,2.496,0.0,0.0
1995,163,9,13.7,76.112,2.534,0.0,0.0
1995,163,10,13.13,77.93,2.596,0.0,0.0
1995,163,11,13.19,80.311,2.356,0.0,0.0
1995,163,12,13.24,82.727,2.154,0.0,0.0
1995,163,13,13.3,85.068,1.988,0.0,131.064
1995,163,14,15.52,81.205,2.136,0.0,274.573
1995,163,15,17.75,76.987,2.294,0.0,444.434
1995,163,16,19.97,72.679,2.454,0.0,598.117
1995,163,17,21.05,64.412,2.743,0.0,757.616
1995,163,18,22.12,56.971,3.137,0.0,871.538
1995,163,19,23.2,50.21,3.596,0.0,905.859
1995,163,20,23.36,49.75,3.379,0.0,905.01
1995,163,21,23.53,49.266,3.167,0.0,850.862
1995,163,22,23.69,48.816,2.947,0.0,758.959
1995,163,23,23.4,51.061,2.849,0.0,620.255
1995,163,24,23.11,53.37,2.743,0.0,432.826
1995,164,1,22.83,55.714,2.641,0.0,222.176
1995,164,2,21.18,57.233,2.472,0.0,83.928
1995,164,3,19.53,58.518,2.403,0.0,0.0
1995,164,4,17.88,59.488,2.457,0.0,0.0
1995,164,5,17.38,61.046,1.878,0.0,0.0
1995,164,6,16.88,62.654,1.315,0.0,0.0
1995,164,7,16.38,64.309,0.831,0.0,0.0
1995,164,8,15.76,66.275,0.774,0.0,0.0
1995,164,9,15.14,68.311,0.784,0.0,0.0
1995,164,10,14.52,70.412,0.857,0.0,0.0
1995,164,11,14.17,74.503,0.418,0.0,0.0
1995,164,12,13.82,78.749,0.516,0.0,0.0
1995,164,13,13.47,83.153,1.011,0.0,130.896
1995,164,14,15.97,80.125,0.796,0.0,274.132
1995,164,15,18.47,76.388,0.608,0.0,443.723
1995,164,16,20.97,72.241,0.475,0.0,596.102
1995,164,17,22.09,65.196,0.912,0.0,755.118
1995,164,18,23.21,58.806,1.365,0.0,868.802
1995,164,19,24.33,53.002,1.822,0.0,901.691
1995,164,20,24.63,53.386,2.463,0.0,901.052
1995,164,21,24.93,53.739,3.123,0.0,847.309
1995,164,22,25.23,54.065,3.791,0.0,752.842
1995,164,23,24.85,56.935,3.816,0.0,615.559
1995,164,24,24.47,59.91,3.844,0.0,429.908
1995,165,1,24.08,63.028,3.866,0.0,218.464
1995,165,2,22.15,66.896,3.892,0.0,83.104
1995,165,3,20.21,70.918,3.917,0.0,0.0
1995,165,4,18.27,75.016,3.944,0.0,0.0
1995,165,5,17.87,77.781,3.592,0.0,0.0
1995,165,6,17.47,80.649,3.289,0.0,0.0
1995,165,7,17.07,83.616,3.022,0.0,0.0
1995,165,8,16.59,84.976,3.01,0.0,0.0
1995,165,9,16.11,86.348,3.005,0.0,0.0
1995,165,10,15.63,87.733,3.013,0.0,0.0
1995,165,11,15.7,88.358,2.886,0.0,0.0
1995,165,12,15.77,88.972,2.787,0.0,0.0
1995,165,13,15.85,89.527,2.737,0.0,126.312
1995,165,14,18.19,85.399,3.424,0.0,264.526
1995,165,15,20.54,80.866,4.142,0.0,428.203
1995,165,16,22.88,76.224,4.858,0.0,578.222
1995,165,17,24.17,73.573,5.399,0.0,732.564
1995,165,18,25.46,70.941,5.933,0.0,842.921
1995,165,19,26.75,68.337,6.467,0.0,880.115
1995,165,20,27.23,68.354,6.785,0.0,879.627
1995,165,21,27.71,68.32,7.096,0.0,827.344
1995,165,22,28.19,68.24,7.408,0.0,737.63
1995,165,23,27.83,70.14,7.004,0.0,603.402
1995,165,24,27.46,72.135,6.603,0.0,421.754
1995,166,1,27.1,74.145,6.202,0.0,214.944
1995,166,2,25.42,78.246,5.404,0.0,82.304
1995,166,3,23.74,82.493,4.606,0.0,0.0
1995,166,4,22.07,86.815,3.809,0.0,0.0
1995,166,5,21.32,88.34,3.682,0.0,0.0
1995,166,6,20.57,89.834,3.566,0.0,0.0
1995,166,7,19.82,91.295,3.457,0.0,0.0
1995,166,8,19.23,92.282,3.376,0.0,0.0
1995,166,9,18.64,93.23,3.288,0.0,0.0
1995,166,10,18.06,94.078,3.207,0.0,0.0
1995,166,11,18.07,93.799,3.557,0.0,0.0
1995,166,12,18.08,93.519,3.907,0.0,0.0
1995,166,13,18.09,93.244,4.259,0.0,126.736
1995,166,14,20.12,87.588,4.754,0.0,265.465
1995,166,15,22.15,82.117,5.239,0.0,429.804
1995,166,16,24.18,76.868,5.735,0.0,580.691
1995,166,17,25.41,74.139,6.25,0.0,735.786
1995,166,18,26.64,71.455,6.776,0.0,846.791
1995,166,19,27.88,68.784,7.303,0.0,883.148
1995,166,20,28.31,67.902,7.579,0.0,882.836
1995,166,21,28.73,67.067,7.871,0.0,830.574
1995,166,22,29.16,66.199,8.16,0.0,740.713
1995,166,23,28.67,68.284,7.731,0.0,606.202
1995,166,24,28.17,70.481,7.316,0.0,424.027
1995,167,1,27.68,72.717,6.896,0.0,213.68
1995,167,2,26.08,77.091,6.002,0.0,82.32
1995,167,3,24.47,81.754,5.108,0.0,0.0
1995,167,4,22.86,86.67,4.215,0.0,0.0
1995,167,5,22.24,87.779,4.178,0.0,0.0
1995,167,6,21.62,88.86,4.151,0.0,0.0
1995,167,7,21.0,89.912,4.115,0.0,0.0
1995,167,8,20.66,90.598,4.061,0.0,0.0
1995,167,9,20.32,91.279,3.997,0.0,0.0
1995,167,10,19.98,91.952,3.945,0.0,0.0
1995,167,11,19.98,91.566,4.041,0.0,0.0
1995,167,12,19.98,91.179,4.15,0.0,0.0
1995,167,13,19.98,90.792,4.26,0.0,93.36
1995,167,14,21.47,87.147,4.765,0.0,195.653
1995,167,15,22.97,83.48,5.273,0.0,316.832
1995,167,16,24.46,79.921,5.783,0.0,395.565
1995,167,17,25.32,77.487,6.036,0.0,501.298
1995,167,18,26.19,75.076,6.279,0.0,576.991
1995,167,19,27.05,72.777,6.533,0.0,476.193
1995,167,20,27.2,71.682,6.394,0.0,476.117
1995,167,21,27.35,70.601,6.273,0.0,448.036
1995,167,22,27.51,69.493,6.16,0.0,388.551
1995,167,23,27.16,71.575,5.602,0.0,318.131
1995,167,24,26.82,73.674,5.047,0.0,222.681
1995,168,1,26.47,75.876,4.506,0.0,162.112
1995,168,2,25.29,78.79,4.257,0.0,62.808
1995,168,3,24.12,81.729,4.022,0.0,0.0
1995,168,4,22.94,84.781,3.78,0.0,0.0
1995,168,5,22.23,86.624,3.62,0.0,0.0
1995,168,6,21.52,88.485,3.463,0.0,0.0
1995,168,7,20.82,90.305,3.309,0.0,0.0
1995,168,8,20.14,91.054,3.287,0.0,0.0
1995,168,9,19.47,91.662,3.266,0.0,0.0
1995,168,10,18.8,92.174,3.244,0.0,0.0
1995,168,11,18.83,92.121,3.138,0.0,0.0
1995,168,12,18.86,92.068,3.033,0.0,0.0
1995,168,13,18.89,92.018,2.929,0.0,112.24
1995,168,14,20.8,86.431,3.202,0.0,235.407
1995,168,15,22.71,81.084,3.549,0.0,381.333
1995,168,16,24.63,75.945,3.932,0.0,562.302
1995,168,17,25.63,72.426,4.24,0.0,712.731
1995,168,18,26.63,69.091,4.553,0.0,820.509
1995,168,19,27.64,65.89,4.872,0.0,880.504
1995,168,20,27.96,64.388,4.73,0.0,880.529
1995,168,21,28.28,62.922,4.679,0.0,828.768
1995,168,22,28.6,61.491,4.741,0.0,707.986
1995,168,23,28.19,62.076,4.547,0.0,579.929
1995,168,24,27.78,62.66,4.348,0.0,406.202
1995,169,1,27.37,63.241,4.161,0.0,217.184
1995,169,2,25.52,67.314,3.935,0.0,84.584
1995,169,3,23.68,71.545,3.706,0.0,0.0
1995,169,4,21.84,75.963,3.484,0.0,0.0
1995,169,5,21.06,78.186,3.369,0.0,0.0
1995,169,6,20.29,80.416,3.284,0.0,0.0
1995,169,7,19.52,82.696,3.206,0.0,0.0
1995,169,8,18.88,84.539,3.239,0.0,0.0
1995,169,9,18.24,86.414,3.27,0.0,0.0
1995,169,10,17.6,88.316,3.309,0.0,0.0
1995,169,11,17.68,89.569,2.74,0.0,0.0
1995,169,12,17.76,90.806,2.171,0.0,0.0
1995,169,13,17.85,91.973,1.611,0.0,126.368
1995,169,14,20.04,86.444,1.746,0.0,265.289
1995,169,15,22.23,81.003,2.06,0.0,429.91
1995,169,16,24.43,75.679,2.473,0.0,580.475
1995,169,17,25.48,70.773,3.03,0.0,735.909
1995,169,18,26.53,66.216,3.605,0.0,847.334
1995,169,19,27.58,61.982,4.175,0.0,837.379
1995,169,20,27.78,60.585,3.945,0.0,837.532
1995,169,21,27.98,59.214,3.802,0.0,788.493
1995,169,22,28.18,57.868,3.774,0.0,675.69
1995,169,23,27.77,59.453,3.797,0.0,553.664
1995,169,24,27.35,61.122,3.85,0.0,388.063
1995,170,1,26.94,62.805,3.918,0.0,216.544
1995,170,2,25.16,65.691,3.725,0.0,84.744
1995,170,3,23.38,68.534,3.541,0.0,0.0
1995,170,4,21.6,71.282,3.359,0.0,0.0
1995,170,5,20.9,73.298,3.17,0.0,0.0
1995,170,6,20.19,75.416,2.979,0.0,0.0
1995,170,7,19.49,77.547,2.798,0.0,0.0
1995,170,8,19.11,78.362,2.536,0.0,0.0
1995,170,9,18.72,79.227,2.286,0.0,0.0
1995,170,10,18.34,80.041,2.03,0.0,0.0
1995,170,11,18.3,82.645,1.73,0.0,0.0
1995,170,12,18.26,85.258,1.521,0.0,0.0
1995,170,13,18.22,87.883,1.426,0.0,126.024
1995,170,14,20.35,84.07,1.673,0.0,264.896
1995,170,15,22.47,80.063,1.919,0.0,429.471
1995,170,16,24.59,75.939,2.182,0.0,579.578
1995,170,17,25.76,70.625,2.544,0.0,734.921
1995,170,18,26.92,65.759,2.928,0.0,846.366
1995,170,19,28.09,61.231,3.313,0.0,873.856
1995,170,20,28.38,59.598,3.062,0.0,874.194
1995,170,21,28.67,58.008,2.891,0.0,823.186
1995,170,22,28.97,56.424,2.835,0.0,741.27
1995,170,23,28.55,58.208,3.128,0.0,607.643
1995,170,24,28.13,60.05,3.428,0.0,426.149
1995,171,1,27.71,61.952,3.731,0.0,219.328
1995,171,2,25.98,65.258,3.497,0.0,86.208
1995,171,3,24.25,68.651,3.27,0.0,0.0
1995,171,4,22.52,72.106,3.051,0.0,0.0
1995,171,5,21.82,74.299,2.891,0.0,0.0
1995,171,6,21.12,76.565,2.751,0.0,0.0
1995,171,7,20.42,78.906,2.612,0.0,0.0
1995,171,8,20.31,78.476,2.037,0.0,0.0
1995,171,9,20.19,78.087,1.485,0.0,0.0
1995,171,10,20.07,77.687,0.996,0.0,0.0
1995,171,11,19.77,81.042,1.148,0.0,0.0
1995,171,12,19.47,84.497,1.389,0.0,0.0
1995,171,13,19.18,88.005,1.681,0.0,125.512
1995,171,14,21.31,83.816,1.52,0.0,264.222
1995,171,15,23.45,79.435,1.362,0.0,428.606
1995,171,16,25.58,75.073,1.221,0.0,579.411
1995,171,17,26.58,69.18,1.448,0.0,734.861
1995,171,18,27.57,63.783,1.723,0.0,846.471
1995,171,19,28.57,58.767,2.025,0.0,875.952
1995,171,20,28.79,57.124,2.029,0.0,876.455
1995,171,21,29.01,55.514,2.491,0.0,825.476
1995,171,22,29.23,53.937,3.231,0.0,739.666
1995,171,23,28.95,54.997,2.996,0.0,606.544
1995,171,24,28.66,56.11,2.777,0.0,425.62
1995,172,1,28.38,57.214,2.557,0.0,221.68
1995,172,2,27.25,58.034,2.206,0.0,87.472
1995,172,3,26.12,58.724,1.855,0.0,0.0
1995,172,4,24.99,59.261,1.502,0.0,0.0
1995,172,5,24.31,61.311,1.449,0.0,0.0
1995,172,6,23.64,63.405,1.399,0.0,0.0
1995,172,7,22.96,65.619,1.363,0.0,0.0
1995,172,8,22.14,68.414,1.14,0.0,0.0
1995,172,9,21.32,71.347,1.452,0.0,0.0
1995,172,10,20.51,74.379,2.075,0.0,0.0
1995,172,11,20.33,77.257,1.761,0.0,0.0
1995,172,12,20.15,80.193,1.502,0.0,0.0
1995,172,13,19.98,83.138,1.341,0.0,125.456
1995,172,14,22.17,79.765,0.941,0.0,264.589
1995,172,15,24.36,76.08,0.626,0.0,429.462
1995,172,16,26.55,72.233,0.528,0.0,580.097
1995,172,17,27.57,67.457,0.702,0.0,735.93
1995,172,18,28.59,63.02,0.97,0.0,847.859
1995,172,19,29.61,58.899,1.263,0.0,883.638
1995,172,20,29.97,57.137,1.484,0.0,884.294
1995,172,21,30.32,55.46,1.737,0.0,833.05
1995,172,22,30.68,53.799,1.996,0.0,741.913
1995,172,23,30.4,54.862,2.013,0.0,608.583
1995,172,24,30.12,55.947,2.032,0.0,427.279
1995,173,1,29.84,57.057,2.049,0.0,219.648
1995,173,2,28.64,58.932,1.899,0.0,86.976
1995,173,3,27.43,60.851,1.76,0.0,0.0
1995,173,4,26.23,62.738,1.647,0.0,0.0
1995,173,5,25.13,67.404,1.999,0.0,0.0
1995,173,6,24.03,72.453,2.419,0.0,0.0
1995,173,7,22.92,77.968,2.892,0.0,0.0
1995,173,8,22.64,78.564,2.499,0.0,0.0
1995,173,9,22.36,79.16,2.123,0.0,0.0
1995,173,10,22.08,79.757,1.744,0.0,0.0
1995,173,11,21.73,82.845,1.82,0.0,0.0
1995,173,12,21.38,86.036,1.93,0.0,0.0
1995,173,13,21.03,89.328,2.051,0.0,123.616
1995,173,14,22.89,85.658,1.884,0.0,261.24
1995,173,15,24.76,81.823,1.749,0.0,424.328
1995,173,16,26.62,77.998,1.672,0.0,574.675
1995,173,17,27.8,72.272,1.992,0.0,729.246
1995,173,18,28.97,67.041,2.32,0.0,840.343
1995,173,19,30.15,62.187,2.64,0.0,803.947
1995,173,20,30.28,60.277,2.627,0.0,804.702
1995,173,21,30.42,58.356,2.634,0.022,758.221
1995,173,22,30.55,56.496,2.661,0.0,541.501
1995,173,23,30.0,58.536,2.826,0.0,444.319
1995,173,24,29.45,60.658,2.995,0.0,312.091
1995,174,1,28.9,62.864,3.167,0.0,179.184
1995,174,2,27.34,66.116,3.059,0.0,71.168
1995,174,3,25.77,69.529,2.951,0.0,0.0
1995,174,4,24.21,73.014,2.842,0.0,0.0
1995,174,5,23.62,75.114,2.651,0.0,0.0
1995,174,6,23.02,77.327,2.452,0.0,0.0
1995,174,7,22.43,79.564,2.273,0.0,0.0
1995,174,8,21.9,81.3,2.308,0.0,0.0
1995,174,9,21.38,83.025,2.339,0.0,0.0
1995,174,10,20.85,84.835,2.385,0.0,0.0
1995,174,11,20.92,86.754,2.003,0.007,0.0
1995,174,12,20.99,88.653,1.641,0.0,0.0
1995,174,13,21.05,90.595,1.287,0.0,92.312
1995,174,14,22.54,86.97,1.078,0.108,195.516
1995,174,15,24.02,83.427,0.865,0.1,317.84
1995,174,16,25.5,79.93,0.666,0.357,321.849
1995,174,17,26.04,76.695,0.978,0.192,408.537
1995,174,18,26.57,73.636,1.29,4.564,470.888
1995,174,19,27.1,70.703,1.621,0.0,555.703
1995,174,20,27.2,66.888,0.72,0.151,556.335
1995,174,21,27.29,63.153,0.404,1.96,524.302
1995,174,22,27.38,59.455,1.245,0.19,397.386
1995,174,23,26.85,63.417,1.383,5.097,326.16
1995,174,24,26.31,67.616,1.678,2.845,229.203
1995,175,1,25.78,71.986,2.046,2.598,117.632
1995,175,2,24.97,73.708,1.894,0.542,46.848
1995,175,3,24.17,75.401,1.931,0.0,0.0
1995,175,4,23.37,77.102,2.135,0.0,0.0
1995,175,5,23.17,77.864,1.883,0.0,0.0
1995,175,6,22.97,78.634,1.693,0.033,0.0
1995,175,7,22.77,79.411,1.599,0.067,0.0
1995,175,8,22.45,80.747,0.907,0.313,0.0
1995,175,9,22.12,82.161,0.21,0.086,0.0
1995,175,10,21.8,83.548,0.496,0.0,0.0
1995,175,11,21.82,84.862,0.371,0.0,0.0
1995,175,12,21.83,86.225,1.2,0.047,0.0
1995,175,13,21.84,87.585,2.03,0.0,91.232
1995,175,14,23.06,83.593,1.593,0.0,193.721
1995,175,15,24.28,79.777,1.358,0.0,315.178
1995,175,16,25.5,76.132,1.445,0.0,550.224
1995,175,17,26.36,70.649,1.422,0.0,698.62
1995,175,18,27.21,65.581,1.502,0.0,805.444
1995,175,19,28.06,60.859,1.677,0.023,625.845
1995,175,20,28.13,59.081,1.119,0.036,626.691
1995,175,21,28.19,57.351,0.612,0.128,590.701
1995,175,22,28.26,55.599,0.449,0.334,384.352
1995,175,23,27.43,60.45,0.98,2.81,315.565
1995,175,24,26.61,65.619,1.502,0.712,221.844
1995,176,1,25.78,71.207,2.024,1.863,110.256
1995,176,2,24.97,77.079,1.648,7.302,44.008
1995,176,3,24.16,83.381,1.714,0.908,0.0
1995,176,4,23.34,90.206,2.17,2.324,0.0
1995,176,5,22.82,89.647,2.383,0.493,0.0
1995,176,6,22.3,88.966,2.6,0.0,0.0
1995,176,7,21.77,88.214,2.82,0.0,0.0
1995,176,8,21.44,89.106,2.705,0.033,0.0
1995,176,9,21.1,90.056,2.604,0.489,0.0
1995,176,10,20.76,91.012,2.53,0.028,0.0
1995,176,11,20.87,90.811,2.473,0.0,0.0
1995,176,12,20.98,90.605,2.419,0.0,0.0
1995,176,13,21.08,90.455,2.364,0.0,89.312
1995,176,14,21.68,85.771,2.993,0.559,190.16
1995,176,15,22.28,81.32,3.638,0.0,309.672
1995,176,16,22.87,77.135,4.309,0.973,333.096
1995,176,17,23.1,74.447,4.603,0.083,423.08
1995,176,18,23.33,71.821,5.061,1.164,487.872
1995,176,19,23.56,69.254,5.636,1.664,484.975
1995,176,20,23.74,68.929,5.544,0.543,485.712
1995,176,21,23.92,68.603,5.536,0.0,457.906
1995,176,22,24.11,68.238,5.604,0.0,550.327
1995,176,23,24.02,68.461,4.856,0.387,451.938
1995,176,24,23.93,68.686,4.127,0.913,317.816
1995,177,1,23.84,68.913,3.42,0.178,146.368
1995,177,2,22.61,72.79,3.408,0.624,58.528
1995,177,3,21.39,76.861,3.454,1.168,0.0
1995,177,4,20.17,81.18,3.535,0.107,0.0
1995,177,5,19.86,82.365,3.362,0.0,0.0
1995,177,6,19.55,83.567,3.224,0.0,0.0
1995,177,7,19.24,84.791,3.127,0.0,0.0
1995,177,8,18.66,86.978,2.894,0.605,0.0
1995,177,9,18.07,89.28,2.694,0.857,0.0
1995,177,10,17.49,91.588,2.562,0.15,0.0
1995,177,11,17.43,91.592,2.822,0.33,0.0
1995,177,12,17.36,91.65,3.26,0.243,0.0
1995,177,13,17.3,91.651,3.819,1.087,57.616
1995,177,14,18.34,88.802,4.36,0.0,123.056
1995,177,15,19.38,85.988,4.991,0.0,200.589
1995,177,16,20.42,83.218,5.678,0.0,336.189
1995,177,17,21.47,78.415,5.74,0.0,427.151
1995,177,18,22.51,73.967,5.883,0.008,492.686
1995,177,19,23.55,69.806,6.119,0.0,533.688
1995,177,20,23.86,68.887,5.803,0.001,534.595
1995,177,21,24.17,67.983,5.536,0.002,504.099
1995,177,22,24.48,67.092,5.318,0.003,497.261
1995,177,23,24.39,67.562,4.69,0.0,408.436
1995,177,24,24.3,68.037,4.105,0.0,287.314
1995,178,1,24.21,68.516,3.588,0.003,156.208
1995,178,2,23.37,72.333,3.176,0.002,62.56
1995,178,3,22.53,76.386,2.96,0.002,0.0
1995,178,4,21.69,80.691,2.999,0.0,0.0
1995,178,5,21.28,81.359,2.593,0.0,0.0
1995,178,6,20.87,82.014,2.455,0.0,0.0
1995,178,7,20.46,82.656,2.623,0.0,0.0
1995,178,8,19.79,84.254,2.865,0.0,0.0
1995,178,9,19.11,85.91,3.128,0.0,0.0
1995,178,10,18.44,87.513,3.406,0.0,0.0
1995,178,11,18.43,88.349,2.978,0.0,0.0
1995,178,12,18.41,89.238,2.553,0.0,0.0
1995,178,13,18.4,90.076,2.148,0.0,121.688
1995,178,14,20.42,85.601,2.153,0.0,260.784
1995,178,15,22.43,81.131,2.16,0.0,425.549
1995,178,16,24.45,76.636,2.183,0.0,578.248
1995,178,17,25.61,71.089,2.518,0.0,734.968
1995,178,18,26.78,65.941,2.876,0.0,847.969
1995,178,19,27.94,61.236,3.257,0.0,883.923
1995,178,20,28.3,60.052,3.318,0.0,885.574
1995,178,21,28.65,58.928,3.384,0.0,835.178
1995,178,22,29.01,57.793,3.453,0.0,721.283
1995,178,23,28.69,59.6,3.519,0.0,592.563
1995,178,24,28.37,61.456,3.671,0.0,416.958
1995,179,1,28.05,63.364,3.882,0.0,229.328
1995,179,2,26.0,68.01,3.897,0.0,91.944
1995,179,3,23.96,72.895,3.931,0.0,0.0
1995,179,4,21.91,78.092,3.975,0.0,0.0
1995,179,5,21.2,80.696,3.793,0.0,0.0
1995,179,6,20.49,83.394,3.636,0.0,0.0
1995,179,7,19.78,86.189,3.506,0.0,0.0
1995,179,8,19.28,87.74,3.421,0.0,0.0
1995,179,9,18.78,89.31,3.339,0.0,0.0
1995,179,10,18.29,90.85,3.272,0.0,0.0
1995,179,11,18.49,91.287,2.978,0.0,0.0
1995,179,12,18.7,91.649,2.693,0.0,0.0
1995,179,13,18.9,92.042,2.412,0.0,94.224
1995,179,14,20.52,89.088,2.508,0.823,202.64
1995,179,15,22.13,86.011,2.607,0.0,331.044
1995,179,16,23.74,82.821,2.706,0.0,505.309
1995,179,17,25.45,77.01,2.579,0.0,642.486
1995,179,18,27.16,71.635,2.495,0.0,741.467
1995,179,19,28.86,66.705,2.441,0.0,870.763
1995,179,20,29.37,63.109,2.28,0.0,872.55
1995,179,21,29.88,59.672,2.119,0.0,823.066
1995,179,22,30.39,56.388,1.965,0.0,634.868
1995,179,23,30.16,56.624,1.938,0.135,521.677
1995,179,24,29.92,56.891,1.914,0.0,367.165
1995,180,1,29.68,57.156,1.892,0.0,204.864
1995,180,2,28.48,60.545,1.814,0.0,82.184
1995,180,3,27.28,64.163,1.742,0.0,0.0
1995,180,4,26.09,67.99,1.668,0.0,0.0
1995,180,5,25.67,69.575,1.298,0.0,0.0
1995,180,6,25.26,71.158,1.209,0.0,0.0
1995,180,7,24.85,72.784,1.455,0.0,0.0
1995,180,8,24.04,77.19,1.047,2.3,0.0
1995,180,9,23.24,81.83,1.878,0.932,0.0
1995,180,10,22.43,86.816,3.063,0.309,0.0
1995,180,11,22.37,87.125,3.195,0.215,0.0
1995,180,12,22.31,87.437,3.893,0.444,0.0
1995,180,13,22.26,87.696,4.912,8.939,48.416
1995,180,14,22.59,87.81,4.258,2.921,104.528
1995,180,15,22.93,87.839,3.649,1.58,170.981
1995,180,16,23.27,87.84,3.093,3.236,285.988
1995,180,17,23.95,82.761,2.882,2.204,363.769
1995,180,18,24.62,78.012,2.678,0.0,419.938
1995,180,19,25.29,73.521,2.473,0.0,652.119
1995,180,20,25.66,70.755,2.501,0.237,653.6
1995,180,21,26.02,68.117,2.593,0.279,616.588
1995,180,22,26.39,65.525,2.752,0.42,451.629
1995,180,23,26.09,67.194,2.908,0.0,371.156
1995,180,24,25.8,68.862,3.094,0.458,261.26
1995,181,1,25.5,70.611,3.323,2.225,128.096
1995,181,2,24.28,73.974,3.31,0.154,51.4
1995,181,3,23.06,77.489,3.319,0.0,0.0
1995,181,4,21.83,81.211,3.33,0.847,0.0
1995,181,5,21.41,82.605,3.243,0.055,0.0
1995,181,6,20.99,84.02,3.159,0.037,0.0
1995,181,7,20.56,85.514,3.08,0.0,0.0
1995,181,8,20.12,85.631,3.115,0.0,0.0
1995,181,9,19.68,85.7,3.147,0.026,0.0
1995,181,10,19.24,85.713,3.173,0.0,0.0
1995,181,11,19.18,85.905,2.871,0.0,0.0
1995,181,12,19.13,86.044,2.569,0.203,0.0
1995,181,13,19.07,86.236,2.268,0.0,30.736
1995,181,14,19.32,83.64,2.73,0.0,66.624
1995,181,15,19.56,81.151,3.223,0.0,109.122
1995,181,16,19.81,78.671,3.73,0.0,204.178
1995,181,17,20.51,75.472,3.913,0.0,259.82
1995,181,18,21.22,72.377,4.192,0.0,299.995
1995,181,19,21.92,69.465,4.532,0.0,721.923
1995,181,20,22.76,65.559,4.678,0.0,723.672
1995,181,21,23.61,61.854,4.891,0.0,682.806
1995,181,22,24.46,58.375,5.158,0.0,718.592
1995,181,23,24.05,59.432,4.895,0.0,590.649
1995,181,24,23.63,60.55,4.65,0.0,415.828
1995,182,1,23.22,61.65,4.404,0.0,234.144
1995,182,2,21.22,64.562,4.251,0.0,94.704
1995,182,3,19.22,67.304,4.1,0.0,0.0
1995,182,4,17.22,69.77,3.95,0.0,0.0
1995,182,5,16.35,72.037,3.751,0.0,0.0
1995,182,6,15.49,74.319,3.546,0.0,0.0
1995,182,7,14.62,76.699,3.353,0.0,0.0
1995,182,8,13.99,78.337,3.286,0.0,0.0
1995,182,9,13.37,79.944,3.242,0.0,0.0
1995,182,10,12.74,81.62,3.21,0.0,0.0
1995,182,11,12.65,83.965,2.898,0.0,0.0
1995,182,12,12.55,86.397,2.597,0.0,0.0
1995,182,13,12.45,88.853,2.287,0.0,125.128
1995,182,14,14.71,84.938,2.635,0.0,272.48
1995,182,15,16.96,80.689,3.07,0.0,430.531
1995,182,16,19.22,76.19,3.553,0.0,527.744
1995,182,17,20.04,71.251,3.33,0.0,676.571
1995,182,18,20.86,66.633,3.119,0.0,790.805
1995,182,19,21.68,62.318,2.932,0.0,487.7
1995,182,20,21.67,61.556,2.658,0.0,489.367
1995,182,21,21.66,60.795,2.474,0.0,463.415
1995,182,22,21.65,60.034,2.386,0.0,349.44
1995,182,23,21.4,62.488,2.473,0.0,280.128
1995,182,24,21.15,65.005,2.577,0.0,199.131
1995,183,1,20.91,67.544,2.698,0.0,145.12
1995,183,2,19.84,70.766,2.874,0.0,58.664
1995,183,3,18.77,74.153,3.05,0.0,0.0
1995,183,4,17.7,77.709,3.226,0.0,0.0
1995,183,5,17.37,79.436,3.02,0.0,0.0
1995,183,6,17.03,81.254,2.822,0.0,0.0
1995,183,7,16.69,83.12,2.616,0.0,0.0
1995,183,8,16.46,84.437,1.486,0.655,0.0
1995,183,9,16.23,85.781,0.582,0.0,0.0
1995,183,10,16.0,87.146,1.122,0.0,0.0
1995,183,11,16.1,88.096,0.655,0.0,0.0
1995,183,12,16.2,89.029,0.308,0.0,0.0
1995,183,13,16.29,90.006,0.523,0.0,35.504
1995,183,14,17.15,88.526,0.394,0.0,77.664
1995,183,15,18.0,87.034,0.303,0.0,122.897
1995,183,16,18.86,85.432,0.264,0.0,363.115
1995,183,17,20.13,79.71,0.693,0.0,465.692
1995,183,18,21.39,74.467,1.636,0.0,544.487
1995,183,19,22.66,69.568,2.585,0.0,750.432
1995,183,20,23.45,69.277,3.308,0.009,753.101
1995,183,21,24.25,68.826,4.035,0.0,713.244
1995,183,22,25.04,68.316,4.767,0.413,536.228
1995,183,23,24.77,69.199,4.539,0.013,429.894
1995,183,24,24.49,70.136,4.386,0.076,305.611
1995,184,1,24.21,71.089,4.335,0.0,221.344
1995,184,2,22.7,75.08,3.846,0.0,89.384
1995,184,3,21.18,79.317,3.39,0.0,0.0
1995,184,4,19.67,83.712,2.964,0.0,0.0
1995,184,5,19.37,85.807,2.877,0.0,0.0
1995,184,6,19.08,87.899,2.912,0.009,0.0
1995,184,7,18.78,90.099,3.073,0.0,0.0
1995,184,8,18.98,90.752,3.045,0.0,0.0
1995,184,9,19.18,91.378,3.031,0.0,0.0
1995,184,10,19.37,92.029,3.027,0.0,0.0
1995,184,11,19.62,91.993,3.332,0.0,0.0
1995,184,12,19.86,91.995,3.67,1.491,0.0
1995,184,13,20.1,91.977,4.018,0.942,65.232
1995,184,14,21.24,89.821,4.536,0.89,143.424
1995,184,15,22.37,87.636,5.264,0.325,227.294
1995,184,16,23.5,85.384,6.122,0.0,551.875
1995,184,17,25.06,80.582,6.624,0.0,708.111
1995,184,18,26.62,76.035,7.17,0.008,828.193
1995,184,19,28.18,71.734,7.769,0.0,898.416
1995,184,20,28.68,71.631,7.972,0.0,901.793
1995,184,21,29.18,71.478,8.179,0.0,854.184
1995,184,22,29.67,71.32,8.384,0.0,754.494
1995,184,23,29.31,71.485,8.283,0.0,604.93
1995,184,24,28.94,71.67,8.184,0.0,430.027
1995,185,1,28.58,71.793,8.083,0.0,223.072
1995,185,2,27.34,75.975,7.33,0.0,89.96
1995,185,3,26.1,80.43,6.604,0.0,0.0
1995,185,4,24.87,85.129,5.895,0.0,0.0
1995,185,5,24.35,85.98,6.065,0.0,0.0
1995,185,6,23.83,86.81,6.261,0.031,0.0
1995,185,7,23.32,87.561,6.463,0.071,0.0
1995,185,8,23.29,87.778,6.957,0.081,0.0
1995,185,9,23.26,87.992,7.47,1.599,0.0
1995,185,10,23.23,88.209,7.999,0.442,0.0
1995,185,11,23.09,88.569,8.33,1.38,0.0
1995,185,12,22.95,88.932,8.795,0.397,0.0
1995,185,13,22.81,89.294,9.366,1.14,103.304
1995,185,14,23.88,87.439,8.901,0.127,228.32
1995,185,15,24.96,85.463,8.458,0.12,362.399
1995,185,16,26.04,83.436,8.029,0.093,488.66
1995,185,17,27.26,80.032,8.541,0.0,627.285
1995,185,18,28.49,76.703,9.063,0.575,733.883
1995,185,19,29.71,73.538,9.575,0.0,864.285
1995,185,20,30.09,72.249,9.545,0.0,867.65
1995,185,21,30.46,71.028,9.537,0.0,821.955
1995,185,22,30.84,69.789,9.539,0.0,544.619
1995,185,23,30.25,69.878,9.01,0.122,436.667
1995,185,24,29.65,69.94,8.497,0.751,310.4
1995,186,1,29.05,69.926,7.98,0.673,157.904
1995,186,2,27.78,74.843,6.615,0.361,63.552
1995,186,3,26.51,80.159,5.27,0.0,0.0
1995,186,4,25.24,85.907,3.939,3.423,0.0
1995,186,5,24.72,87.106,3.476,0.84,0.0
1995,186,6,24.2,88.302,3.04,0.003,0.0
1995,186,7,23.67,89.548,2.651,0.121,0.0
1995,186,8,22.92,89.705,2.939,0.066,0.0
1995,186,9,22.16,89.757,3.239,0.112,0.0
1995,186,10,21.41,89.579,3.546,0.095,0.0
1995,186,11,21.11,90.178,3.558,2.652,0.0
1995,186,12,20.81,90.768,3.617,0.035,0.0
1995,186,13,20.52,91.296,3.721,0.04,118.824
1995,186,14,21.91,86.062,4.379,0.0,264.08
1995,186,15,23.31,81.1,5.123,0.031,419.843
1995,186,16,24.71,76.438,5.906,0.0,586.194
1995,186,17,25.69,68.904,5.846,0.0,752.845
1995,186,18,26.68,61.964,5.994,0.0,881.044
1995,186,19,27.66,55.639,6.35,0.046,868.725
1995,186,20,27.9,54.519,6.148,0.0,872.252
1995,186,21,28.13,53.45,5.987,0.0,826.394
1995,186,22,28.36,52.401,5.864,0.003,692.528
1995,186,23,28.08,54.418,5.133,0.0,555.257
1995,186,24,27.79,56.521,4.44,0.0,394.652
1995,187,1,27.51,58.647,3.819,0.0,195.872
1995,187,2,26.09,63.105,3.681,0.239,78.656
1995,187,3,24.67,67.955,3.54,0.0,0.0
1995,187,4,23.26,73.187,3.414,0.0,0.0
1995,187,5,22.5,75.425,3.443,0.0,0.0
1995,187,6,21.73,77.774,3.486,0.0,0.0
1995,187,7,20.97,80.147,3.533,0.028,0.0
1995,187,8,20.37,81.72,3.484,0.0,0.0
1995,187,9,19.76,83.36,3.43,0.0,0.0
1995,187,10,19.16,84.969,3.382,0.0,0.0
1995,187,11,19.09,86.264,3.04,0.0,0.0
1995,187,12,19.01,87.622,2.721,0.0,0.0
1995,187,13,18.93,88.994,2.435,0.0,118.256
1995,187,14,21.13,83.584,2.111,0.0,264.352
1995,187,15,23.32,78.331,1.842,0.0,421.014
1995,187,16,25.52,73.2,1.625,0.0,588.103
1995,187,17,26.93,66.036,1.64,0.0,755.676
1995,187,18,28.35,59.565,1.749,0.0,884.62
1995,187,19,29.76,53.782,1.922,0.0,913.025
1995,187,20,30.19,52.079,1.981,0.0,916.869
1995,187,21,30.61,50.461,2.156,0.0,868.74
1995,187,22,31.04,48.866,2.432,0.0,765.939
1995,187,23,30.69,51.594,2.143,0.0,614.112
1995,187,24,30.34,54.41,1.936,0.0,436.424
1995,188,1,29.98,57.352,1.827,0.0,226.32
1995,188,2,28.1,60.685,2.274,0.0,90.632
1995,188,3,26.22,64.121,2.876,0.0,0.0
1995,188,4,24.34,67.631,3.57,0.0,0.0
1995,188,5,23.5,71.976,3.59,0.0,0.0
1995,188,6,22.67,76.567,3.611,0.0,0.0
1995,188,7,21.83,81.516,3.622,0.0,0.0
1995,188,8,21.36,83.309,3.41,0.0,0.0
1995,188,9,20.89,85.149,3.206,0.0,0.0
1995,188,10,20.42,87.035,3.026,0.0,0.0
1995,188,11,20.69,87.212,3.029,0.0,0.0
1995,188,12,20.97,87.31,3.05,0.0,0.0
1995,188,13,21.24,87.436,3.066,0.0,95.368
1995,188,14,23.3,83.763,3.385,0.0,214.496
1995,188,15,25.35,79.934,3.978,0.0,342.223
1995,188,16,27.41,75.958,4.73,0.0,409.339
1995,188,17,28.6,71.702,4.97,0.0,526.218
1995,188,18,29.79,67.716,5.219,0.0,616.212
1995,188,19,30.98,63.982,5.493,0.0,844.27
1995,188,20,31.76,60.093,5.621,0.0,847.947
1995,188,21,32.53,56.466,5.743,0.0,803.524
1995,188,22,33.3,53.054,5.878,0.0,760.073
1995,188,23,32.78,55.263,5.277,0.0,609.382
1995,188,24,32.26,57.56,4.734,0.0,432.971
1995,189,1,31.74,59.952,4.282,0.0,222.672
1995,189,2,29.69,65.525,4.167,0.0,88.888
1995,189,3,27.64,71.683,4.09,0.0,0.0
1995,189,4,25.6,78.442,4.048,0.0,0.0
1995,189,5,24.73,80.872,3.986,0.0,0.0
1995,189,6,23.86,83.366,3.925,0.0,0.0
1995,189,7,23.0,85.874,3.866,0.0,0.0
1995,189,8,22.31,87.42,3.798,0.0,0.0
1995,189,9,21.63,88.902,3.747,0.0,0.0
1995,189,10,20.95,90.374,3.696,0.36,0.0
1995,189,11,20.82,90.46,3.683,0.136,0.0
1995,189,12,20.68,90.602,3.672,0.0,0.0
1995,189,13,20.55,90.681,3.662,0.0,101.448
1995,189,14,22.57,86.026,4.279,0.0,229.648
1995,189,15,24.59,81.376,4.943,0.646,367.079
1995,189,16,26.61,76.798,5.636,0.0,577.861
1995,189,17,28.21,71.773,6.0,0.0,743.268
1995,189,18,29.82,67.063,6.372,0.0,870.665
1995,189,19,31.43,62.687,6.738,0.0,899.777
1995,189,20,32.02,61.13,6.679,0.0,903.824
1995,189,21,32.61,59.615,6.62,0.0,856.545
1995,189,22,33.2,58.142,6.575,0.0,755.916
1995,189,23,32.87,60.092,5.936,0.0,606.008
1995,189,24,32.54,62.093,5.308,0.038,430.48
1995,190,1,32.2,64.185,4.684,0.0,201.744
1995,190,2,30.34,69.905,4.413,0.0,80.232
1995,190,3,28.47,76.253,4.145,0.0,0.0
1995,190,4,26.61,83.214,3.891,0.0,0.0
1995,190,5,25.79,85.274,3.628,0.0,0.0
1995,190,6,24.98,87.303,3.386,0.0,0.0
1995,190,7,24.16,89.404,3.165,0.0,0.0
1995,190,8,23.74,89.515,2.733,0.0,0.0
1995,190,9,23.32,89.579,2.396,0.0,0.0
1995,190,10,22.9,89.591,2.209,0.0,0.0
1995,190,11,22.83,90.175,1.864,0.0,0.0
1995,190,12,22.77,90.706,1.616,0.0,0.0
1995,190,13,22.7,91.296,1.503,0.0,113.992
1995,190,14,24.53,87.45,1.485,0.0,259.792
1995,190,15,26.36,83.538,1.676,0.0,416.064
1995,190,16,28.19,79.623,2.018,0.0,583.93
1995,190,17,29.47,71.376,2.45,0.0,751.439
1995,190,18,30.76,63.91,2.901,0.0,880.544
1995,190,19,32.04,57.219,3.357,0.0,910.616
1995,190,20,32.21,53.895,3.753,0.0,914.83
1995,190,21,32.38,50.627,4.151,0.0,867.039
1995,190,22,32.55,47.415,4.559,0.0,768.252
1995,190,23,31.9,49.949,4.042,0.0,615.831
1995,190,24,31.25,52.613,3.532,0.0,437.317
1995,191,1,30.6,55.416,3.04,0.0,225.344
1995,191,2,28.65,59.508,3.213,0.0,89.248
1995,191,3,26.7,63.887,3.464,0.0,0.0
1995,191,4,24.75,68.567,3.779,0.0,0.0
1995,191,5,24.19,70.367,3.093,0.0,0.0
1995,191,6,23.63,72.221,2.531,0.0,0.0
1995,191,7,23.06,74.174,2.165,0.0,0.0
1995,191,8,22.52,75.815,2.067,0.0,0.0
1995,191,9,21.97,77.544,1.965,0.0,0.0
1995,191,10,21.42,79.316,1.868,0.0,0.0
1995,191,11,21.14,81.651,1.281,0.0,0.0
1995,191,12,20.86,84.046,0.703,0.0,0.0
1995,191,13,20.59,86.452,0.117,0.0,111.104
1995,191,14,22.73,81.662,0.264,0.0,255.024
1995,191,15,24.87,76.902,0.533,0.0,409.231
1995,191,16,27.01,72.245,0.808,0.0,583.961
1995,191,17,28.48,67.327,0.98,0.0,751.889
1995,191,18,29.95,62.788,1.168,0.0,881.342
1995,191,19,31.42,58.592,1.378,0.0,909.752
1995,191,20,31.86,56.402,1.87,0.0,914.09
1995,191,21,32.31,54.258,2.4,0.0,866.399
1995,191,22,32.75,52.222,2.946,0.0,763.102
1995,191,23,32.37,54.102,3.007,0.0,611.616
1995,191,24,31.98,56.073,3.064,0.0,434.168
1995,192,1,31.6,58.074,3.13,0.0,221.744
1995,192,2,29.93,63.355,3.296,0.0,87.416
1995,192,3,28.27,69.149,3.489,0.0,0.0
1995,192,4,26.6,75.602,3.683,0.0,0.0
1995,192,5,25.82,78.053,3.623,0.0,0.0
1995,192,6,25.03,80.64,3.557,0.0,0.0
1995,192,7,24.24,83.315,3.504,0.0,0.0
1995,192,8,23.74,84.703,3.382,0.0,0.0
1995,192,9,23.24,86.109,3.26,0.0,0.0
1995,192,10,22.74,87.533,3.161,0.0,0.0
1995,192,11,22.74,88.107,2.914,0.0,0.0
1995,192,12,22.74,88.68,2.67,0.0,0.0
1995,192,13,22.74,89.257,2.43,0.0,109.08
1995,192,14,24.84,83.37,3.125,0.0,252.224
1995,192,15,26.94,77.77,3.857,0.0,405.582
1995,192,16,29.03,72.514,4.61,0.0,573.276
1995,192,17,30.62,68.933,4.831,0.0,738.54
1995,192,18,32.21,65.487,5.046,0.0,865.987
1995,192,19,33.8,62.185,5.271,0.0,896.52
1995,192,20,34.5,60.654,5.455,0.0,900.915
1995,192,21,35.2,59.16,5.652,0.0,853.937
1995,192,22,35.9,57.702,5.863,0.0,751.31
1995,192,23,35.42,60.111,5.532,0.0,602.077
1995,192,24,34.94,62.612,5.206,0.0,427.24
1995,193,1,34.46,65.208,4.885,0.0,216.816
1995,193,2,32.63,70.789,4.572,0.0,85.04
1995,193,3,30.8,76.916,4.253,0.0,0.0
1995,193,4,28.98,83.6,3.941,0.0,0.0
1995,193,5,28.18,85.319,3.882,0.0,0.0
1995,193,6,27.38,87.035,3.82,0.0,0.0
1995,193,7,26.58,88.744,3.762,0.0,0.0
1995,193,8,25.91,89.893,3.636,0.0,0.0
1995,193,9,25.23,91.061,3.508,0.0,0.0
1995,193,10,24.55,92.193,3.39,0.0,0.0
1995,193,11,24.35,92.238,3.593,0.0,0.0
1995,193,12,24.15,92.272,3.807,0.0,0.0
1995,193,13,23.95,92.293,4.026,0.0,108.712
1995,193,14,25.88,85.32,4.267,0.0,253.312
1995,193,15,27.81,78.9,4.529,0.0,408.201
1995,193,16,29.75,72.951,4.791,0.0,577.347
1995,193,17,31.33,67.345,4.898,0.0,744.183
1995,193,18,32.91,62.228,5.006,0.0,872.902
1995,193,19,34.49,57.55,5.114,0.0,903.468
1995,193,20,35.06,55.324,4.889,0.0,908.006
1995,193,21,35.63,53.187,4.657,0.0,860.705
1995,193,22,36.2,51.135,4.445,0.0,758.353
1995,193,23,35.6,53.423,4.187,0.0,607.617
1995,193,24,35.01,55.783,3.942,0.0,430.977
1995,194,1,34.41,58.281,3.703,0.0,219.36
1995,194,2,32.45,64.076,3.779,0.0,85.552
1995,194,3,30.48,70.58,3.857,0.0,0.0
1995,194,4,28.51,77.854,3.937,0.0,0.0
1995,194,5,27.59,80.655,3.84,0.0,0.0
1995,194,6,26.66,83.606,3.737,0.0,0.0
1995,194,7,25.74,86.612,3.641,0.0,0.0
1995,194,8,25.16,87.861,3.52,0.0,0.0
1995,194,9,24.58,89.106,3.393,0.0,0.0
1995,194,10,24.0,90.344,3.274,0.0,0.0
1995,194,11,23.78,91.34,2.98,0.0,0.0
1995,194,12,23.57,92.294,2.7,0.0,0.0
1995,194,13,23.35,93.312,2.429,0.0,106.84
1995,194,14,25.49,87.313,2.683,0.0,250.976
1995,194,15,27.63,81.565,2.952,0.0,405.338
1995,194,16,29.76,76.145,3.216,0.0,571.891
1995,194,17,31.13,70.946,3.596,0.0,737.555
1995,194,18,32.49,66.187,3.985,0.0,865.422
1995,194,19,33.85,61.791,4.395,0.0,892.207
1995,194,20,34.16,59.524,4.41,0.0,896.798
1995,194,21,34.47,57.32,4.494,0.0,850.118
1995,194,22,34.77,55.207,4.643,0.0,748.474
1995,194,23,34.19,56.763,4.521,0.0,599.576
1995,194,24,33.6,58.402,4.4,0.0,425.061
1995,195,1,33.01,60.096,4.28,0.0,215.504
1995,195,2,31.15,65.965,4.071,0.0,83.52
1995,195,3,29.28,72.54,3.863,0.0,0.0
1995,195,4,27.42,79.83,3.657,0.0,0.0
1995,195,5,26.69,82.022,3.543,0.0,0.0
1995,195,6,25.96,84.27,3.44,0.0,0.0
1995,195,7,25.24,86.524,3.33,0.0,0.0
1995,195,8,24.71,87.595,3.26,0.0,0.0
1995,195,9,24.18,88.659,3.191,0.0,0.0
1995,195,10,23.65,89.708,3.124,0.0,0.0
1995,195,11,23.55,90.55,2.819,0.0,0.0
1995,195,12,23.45,91.401,2.517,0.0,0.0
1995,195,13,23.35,92.256,2.212,0.0,105.336
1995,195,14,25.43,86.328,2.902,0.0,249.536
1995,195,15,27.52,80.629,3.676,0.0,403.919
1995,195,16,29.6,75.273,4.477,0.0,570.805
1995,195,17,30.65,71.23,4.833,0.0,736.583
1995,195,18,31.7,67.432,5.178,0.0,864.588
1995,195,19,32.75,63.866,5.524,0.0,824.599
1995,195,20,32.84,61.467,5.707,0.0,828.93
1995,195,21,32.93,59.093,5.892,0.0,785.796
1995,195,22,33.02,56.741,6.092,0.0,659.468
1995,195,23,32.51,57.867,5.818,0.0,528.138
1995,195,24,32.0,59.018,5.56,0.0,374.211
1995,196,1,31.49,60.193,5.307,0.0,212.576
1995,196,2,29.69,65.24,4.806,0.0,81.832
1995,196,3,27.88,70.809,4.308,0.0,0.0
1995,196,4,26.08,76.872,3.844,0.0,0.0
1995,196,5,25.36,79.595,3.661,0.0,0.0
1995,196,6,24.64,82.427,3.542,0.0,0.0
1995,196,7,23.93,85.322,3.51,0.0,0.0
1995,196,8,23.44,86.673,3.342,0.0,0.0
1995,196,9,22.95,88.04,3.193,0.0,0.0
1995,196,10,22.46,89.417,3.061,0.0,0.0
1995,196,11,22.38,90.478,2.78,0.0,0.0
1995,196,12,22.3,91.544,2.496,0.0,0.0
1995,196,13,22.21,92.677,2.233,0.0,103.088
1995,196,14,24.31,86.676,2.635,0.0,246.368
1995,196,15,26.41,80.948,3.12,0.0,399.711
1995,196,16,28.51,75.513,3.646,0.0,559.308
1995,196,17,29.51,71.113,4.122,0.0,722.165
1995,196,18,30.51,66.997,4.592,0.0,847.952
1995,196,19,31.5,63.182,5.061,0.0,831.362
1995,196,20,31.66,61.463,5.273,0.0,835.808
1995,196,21,31.83,59.738,5.487,0.0,792.332
1995,196,22,31.99,58.075,5.708,0.0,626.833
1995,196,23,31.52,59.445,5.204,0.0,501.886
1995,196,24,31.05,60.85,4.715,0.0,355.392
1995,197,1,30.58,62.296,4.244,0.0,212.352
1995,197,2,29.02,67.747,3.973,0.0,81.144
1995,197,3,27.46,73.747,3.716,0.0,0.0
1995,197,4,25.89,80.409,3.457,0.0,0.0
1995,197,5,25.13,82.795,3.346,0.0,0.0
1995,197,6,24.38,85.198,3.238,0.0,0.0
1995,197,7,23.62,87.72,3.142,0.0,0.0
1995,197,8,23.19,88.87,3.09,0.0,0.0
1995,197,9,22.77,89.974,3.035,0.0,0.0
1995,197,10,22.34,91.138,2.997,0.0,0.0
1995,197,11,22.32,91.589,2.743,0.0,0.0
1995,197,12,22.3,92.041,2.498,0.0,0.0
1995,197,13,22.27,92.552,2.241,0.0,99.648
1995,197,14,24.16,86.345,2.745,0.0,240.352
1995,197,15,26.04,80.571,3.329,0.0,390.893
1995,197,16,27.93,75.122,3.976,0.0,471.402
1995,197,17,28.73,71.46,3.754,0.0,609.041
1995,197,18,29.54,67.955,3.562,0.0,715.372
1995,197,19,30.35,64.64,3.395,0.0,616.792
1995,197,20,30.43,63.392,3.263,0.0,620.152
1995,197,21,30.5,62.19,3.192,0.013,587.868
1995,197,22,30.58,60.965,3.176,0.15,365.624
1995,197,23,29.98,64.416,2.564,0.0,292.665
1995,197,24,29.39,68.003,2.008,0.0,207.095
1995,198,1,28.79,71.812,1.569,0.0,204.256
1995,198,2,28.1,74.065,1.623,0.008,77.424
1995,198,3,27.4,76.441,1.721,0.02,0.0
1995,198,4,26.7,78.902,1.861,0.0,0.0
1995,198,5,26.47,79.401,1.416,0.0,0.0
1995,198,6,26.23,79.949,1.015,0.0,0.0
1995,198,7,25.99,80.499,0.702,0.0,0.0
1995,198,8,25.62,81.913,0.685,0.0,0.0
1995,198,9,25.25,83.356,0.668,0.0,0.0
1995,198,10,24.87,84.877,0.665,0.0,0.0
1995,198,11,24.75,86.475,0.709,0.0,0.0
1995,198,12,24.63,88.093,0.804,0.0,0.0
1995,198,13,24.51,89.728,0.949,0.0,74.712
1995,198,14,25.62,85.213,1.402,0.0,181.936
1995,198,15,26.74,80.902,1.883,0.0,296.623
1995,198,16,27.86,76.838,2.37,0.0,505.667
1995,198,17,28.74,71.481,2.563,0.0,653.679
1995,198,18,29.62,66.489,2.911,0.0,768.076
1995,198,19,30.5,61.834,3.372,0.0,829.134
1995,198,20,30.89,59.962,3.285,0.0,833.723
1995,198,21,31.28,58.146,3.203,0.0,790.328
1995,198,22,31.68,56.353,3.142,0.0,716.582
1995,198,23,31.32,57.276,3.444,0.0,573.371
1995,198,24,30.97,58.185,3.759,0.0,405.463
1995,199,1,30.61,59.144,4.076,0.0,215.008
1995,199,2,28.46,63.405,4.021,0.0,80.808
1995,199,3,26.31,67.886,3.974,0.0,0.0
1995,199,4,24.16,72.56,3.957,0.0,0.0
1995,199,5,23.23,74.912,3.641,0.0,0.0
1995,199,6,22.31,77.275,3.351,0.0,0.0
1995,199,7,21.39,79.696,3.126,0.0,0.0
1995,199,8,20.9,80.258,3.011,0.0,0.0
1995,199,9,20.41,80.791,2.896,0.0,0.0
1995,199,10,19.92,81.289,2.782,0.0,0.0
1995,199,11,19.76,82.326,2.573,0.0,0.0
1995,199,12,19.6,83.374,2.435,0.0,0.0
1995,199,13,19.45,84.387,2.369,0.0,92.064
1995,199,14,21.58,77.96,1.98,0.0,226.416
1995,199,15,23.72,71.943,1.593,0.0,370.085
1995,199,16,25.86,66.375,1.214,0.0,448.545
1995,199,17,26.84,60.908,1.414,0.0,580.201
1995,199,18,27.83,55.837,1.765,0.0,681.947
1995,199,19,28.81,51.197,2.194,0.0,713.007
1995,199,20,29.2,49.411,2.014,0.0,717.029
1995,199,21,29.59,47.683,1.861,0.0,679.677
1995,199,22,29.97,46.037,1.736,0.0,672.215
1995,199,23,29.64,47.527,1.87,0.0,537.674
1995,199,24,29.31,49.058,2.003,0.0,379.918
1995,200,1,28.98,50.63,2.153,0.0,211.344
1995,200,2,27.59,52.926,2.055,0.0,78.688
1995,200,3,26.2,55.292,2.063,0.0,0.0
1995,200,4,24.81,57.724,2.151,0.0,0.0
1995,200,5,24.21,60.034,1.922,0.0,0.0
1995,200,6,23.6,62.483,1.838,0.0,0.0
1995,200,7,23.0,65.004,1.91,0.0,0.0
1995,200,8,22.66,66.429,1.559,0.0,0.0
1995,200,9,22.32,67.892,1.297,0.0,0.0
1995,200,10,21.99,69.345,1.198,0.0,0.0
1995,200,11,21.45,73.234,1.546,0.0,0.0
1995,200,12,20.91,77.318,2.005,0.0,0.0
1995,200,13,20.37,81.604,2.513,0.0,84.112
1995,200,14,22.22,76.731,2.471,0.0,209.008
1995,200,15,24.06,72.126,2.442,0.0,342.531
1995,200,16,25.91,67.702,2.415,0.0,442.005
1995,200,17,27.2,64.234,2.994,0.0,572.074
1995,200,18,28.5,60.917,3.64,0.0,672.672
1995,200,19,29.79,57.814,4.337,0.0,738.357
1995,200,20,30.05,57.659,4.444,0.107,742.575
1995,200,21,30.32,57.465,4.542,0.057,703.886
1995,200,22,30.58,57.297,4.639,0.057,672.899
1995,200,23,30.14,58.575,4.925,0.058,538.008
1995,200,24,29.69,59.923,5.203,0.057,379.846
1995,201,1,29.25,61.269,5.49,0.067,167.648
1995,201,2,27.8,66.998,4.912,0.047,61.8
1995,201,3,26.36,73.285,4.361,0.369,0.0
1995,201,4,24.91,80.281,3.836,0.758,0.0
1995,201,5,24.56,82.328,3.483,1.272,0.0
1995,201,6,24.21,84.427,3.2,0.0,0.0
1995,201,7,23.85,86.637,3.025,1.576,0.0
1995,201,8,23.67,87.601,2.921,2.518,0.0
1995,201,9,23.49,88.577,2.949,1.758,0.0
1995,201,10,23.3,89.62,3.087,4.224,0.0
1995,201,11,23.25,90.314,3.075,3.075,0.0
1995,201,12,23.2,91.011,3.147,5.641,0.0
1995,201,13,23.15,91.715,3.282,4.698,81.728
1995,201,14,24.1,87.632,2.195,0.0,205.296
1995,201,15,25.05,83.753,2.49,0.0,337.334
1995,201,16,26.0,80.067,3.873,0.0,481.42
1995,201,17,26.75,75.293,3.01,0.0,623.463
1995,201,18,27.5,70.796,2.192,0.0,733.372
1995,201,19,28.25,66.562,1.485,0.0,543.7
1995,201,20,28.42,66.201,1.678,0.0,546.839
1995,201,21,28.58,65.881,1.91,0.0,518.325
1995,201,22,28.75,65.522,2.188,0.0,404.574
1995,201,23,28.54,66.434,1.8,0.0,323.35
1995,201,24,28.33,67.359,1.486,0.0,228.079
1995,202,1,28.13,68.26,1.292,0.0,132.736
1995,202,2,27.21,72.502,1.005,0.0,48.408
1995,202,3,26.29,77.034,0.736,0.0,0.0
1995,202,4,25.37,81.878,0.523,0.0,0.0
1995,202,5,25.13,83.335,0.29,0.0,0.0
1995,202,6,24.89,84.82,0.992,0.0,0.0
1995,202,7,24.65,86.33,1.718,0.0,0.0
1995,202,8,24.47,87.164,1.483,0.0,0.0
1995,202,9,24.29,88.009,1.27,0.0,0.0
1995,202,10,24.11,88.861,1.092,0.0,0.0
1995,202,11,24.2,88.867,1.255,0.0,0.0
1995,202,12,24.29,88.87,1.431,0.0,0.0
1995,202,13,24.39,88.819,1.619,0.0,76.344
1995,202,14,25.38,85.006,1.662,0.0,193.936
1995,202,15,26.37,81.377,1.705,0.01,319.536
1995,202,16,27.36,77.919,1.761,0.0,523.827
1995,202,17,28.37,73.745,2.243,0.012,678.826
1995,202,18,29.39,69.781,2.719,0.0,798.765
1995,202,19,30.4,66.097,3.206,0.0,860.88
1995,202,20,30.97,64.916,3.791,0.0,865.903
1995,202,21,31.55,63.714,4.393,0.0,820.693
1995,202,22,32.13,62.528,5.002,0.0,681.041
1995,202,23,31.9,64.205,4.774,0.0,544.045
1995,202,24,31.66,65.954,4.557,0.0,383.412
1995,203,1,31.42,67.739,4.342,0.0,195.76
1995,203,2,29.9,72.653,3.911,0.0,70.568
1995,203,3,28.37,78.022,3.593,0.0,0.0
1995,203,4,26.84,83.845,3.419,0.0,0.0
1995,203,5,26.4,86.268,3.419,0.0,0.0
1995,203,6,25.96,88.771,3.428,0.0,0.0
1995,203,7,25.53,91.298,3.428,0.0,0.0
1995,203,8,25.43,91.721,3.844,0.0,0.0
1995,203,9,25.34,92.091,4.271,0.586,0.0
1995,203,10,25.25,92.464,4.69,0.271,0.0
1995,203,11,25.22,92.063,4.728,0.856,0.0
1995,203,12,25.18,91.714,4.904,2.843,0.0
1995,203,13,25.15,91.309,5.216,1.202,52.416
1995,203,14,26.01,88.43,4.875,1.451,134.704
1995,203,15,26.87,85.637,4.567,4.37,222.557
1995,203,16,27.74,82.882,4.276,0.349,374.956
1995,203,17,28.59,79.366,4.818,0.0,486.225
1995,203,18,29.45,75.974,5.415,0.287,572.327
1995,203,19,30.3,72.79,6.031,0.0,524.195
1995,203,20,30.66,71.852,6.185,0.0,527.275
1995,203,21,31.02,70.926,6.35,0.0,499.703
1995,203,22,31.38,70.009,6.521,0.0,713.485
1995,203,23,31.42,70.209,6.073,0.0,569.694
1995,203,24,31.46,70.41,5.63,0.0,401.08
1995,204,1,31.5,70.607,5.185,0.0,206.256
1995,204,2,29.91,75.707,4.633,0.193,73.44
1995,204,3,28.33,81.175,4.077,0.0,0.0
1995,204,4,26.74,87.14,3.522,0.168,0.0
1995,204,5,26.61,88.307,3.323,0.019,0.0
1995,204,6,26.48,89.489,3.194,1.588,0.0
1995,204,7,26.35,90.682,3.154,0.0,0.0
1995,204,8,25.8,91.466,3.083,0.0,0.0
1995,204,9,25.24,92.267,3.016,0.685,0.0
1995,204,10,24.69,92.973,2.953,0.0,0.0
1995,204,11,24.75,92.506,2.992,0.0,0.0
1995,204,12,24.82,91.985,3.022,0.024,0.0
1995,204,13,24.88,91.522,3.053,0.0,88.976
1995,204,14,26.2,87.065,3.352,0.0,231.456
1995,204,15,27.52,82.822,3.767,0.163,383.525
1995,204,16,28.84,78.789,4.272,0.387,558.558
1995,204,17,30.07,72.162,3.74,0.292,724.761
1995,204,18,31.31,66.078,3.236,0.028,853.401
1995,204,19,32.55,60.529,2.801,0.0,874.645
1995,204,20,32.97,57.502,2.437,0.0,879.826
1995,204,21,33.4,54.557,2.066,0.0,833.76
1995,204,22,33.83,51.724,1.709,0.0,626.256
1995,204,23,33.3,54.627,1.652,0.0,499.779
1995,204,24,32.78,57.631,1.692,0.0,351.495
1995,205,1,32.25,60.804,1.824,0.0,183.296
1995,205,2,31.11,61.468,1.753,0.0,64.4
1995,205,3,29.96,62.011,1.701,0.0,0.0
1995,205,4,28.82,62.337,1.661,0.026,0.0
1995,205,5,27.65,67.058,1.911,0.028,0.0
1995,205,6,26.49,72.135,2.262,0.093,0.0
1995,205,7,25.32,77.686,2.685,0.153,0.0
1995,205,8,25.16,78.405,2.162,0.098,0.0
1995,205,9,24.99,79.179,1.852,1.061,0.0
1995,205,10,24.83,79.914,1.866,0.395,0.0
1995,205,11,24.6,82.561,1.167,0.933,0.0
1995,205,12,24.38,85.215,1.471,1.496,0.0
1995,205,13,24.16,87.93,2.419,0.485,78.072
1995,205,14,25.18,84.439,2.595,0.0,205.664
1995,205,15,26.21,81.042,2.887,0.0,341.774
1995,205,16,27.23,77.835,3.261,0.135,410.638
1995,205,17,27.77,72.15,2.715,0.129,533.171
1995,205,18,28.32,66.708,2.18,0.354,628.026
1995,205,19,28.86,61.575,1.668,0.439,653.992
1995,205,20,29.16,60.06,1.946,0.0,657.892
1995,205,21,29.47,58.546,2.262,0.0,623.39
1995,205,22,29.78,57.07,2.579,0.13,567.855
1995,205,23,29.56,57.974,2.516,0.0,452.932
1995,205,24,29.34,58.893,2.464,0.0,318.192
1995,206,1,29.13,59.794,2.425,0.0,201.392
1995,206,2,27.93,62.249,1.886,0.0,69.768
1995,206,3,26.73,64.785,1.37,0.0,0.0
1995,206,4,25.53,67.4,0.899,0.0,0.0
1995,206,5,24.46,71.991,1.783,0.0,0.0
1995,206,6,23.39,76.933,2.673,0.0,0.0
1995,206,7,22.33,82.205,3.569,0.0,0.0
1995,206,8,22.08,84.384,3.39,0.083,0.0
1995,206,9,21.82,86.663,3.208,0.125,0.0
1995,206,10,21.57,88.942,3.03,0.0,0.0
1995,206,11,21.35,89.707,2.74,0.0,0.0
1995,206,12,21.13,90.476,2.501,0.0,0.0
1995,206,13,20.9,91.309,2.351,0.0,57.504
1995,206,14,22.56,88.43,2.35,0.0,153.488
1995,206,15,24.21,85.414,2.352,0.227,255.84
1995,206,16,25.87,82.223,2.366,0.0,365.283
1995,206,17,27.14,78.407,3.017,0.0,474.584
1995,206,18,28.41,74.764,3.672,0.0,559.224
1995,206,19,29.68,71.288,4.33,0.0,705.704
1995,206,20,30.49,66.044,4.756,0.0,709.942
1995,206,21,31.3,61.148,5.225,0.371,672.622
1995,206,22,32.11,56.577,5.711,0.0,744.213
1995,206,23,31.94,57.988,5.023,0.0,593.261
1995,206,24,31.76,59.456,4.325,0.0,416.279
1995,207,1,31.59,60.913,3.642,0.0,202.272
1995,207,2,30.22,66.614,3.418,0.0,69.008
1995,207,3,28.85,72.9,3.262,4.157,0.0
1995,207,4,27.48,79.833,3.183,2.989,0.0
1995,207,5,27.15,81.23,3.02,2.8,0.0
1995,207,6,26.82,82.658,2.852,0.683,0.0
1995,207,7,26.49,84.113,2.69,2.605,0.0
1995,207,8,26.34,84.541,3.471,5.076,0.0
1995,207,9,26.2,84.919,4.255,2.312,0.0
1995,207,10,26.05,85.348,5.052,1.94,0.0
1995,207,11,25.46,87.037,4.66,0.0,0.0
1995,207,12,24.86,88.804,4.305,0.0,0.0
1995,207,13,24.26,90.601,3.975,0.0,84.536
1995,207,14,25.5,84.559,3.408,0.0,228.72
1995,207,15,26.73,79.021,2.841,0.0,382.392
1995,207,16,27.97,73.847,2.274,0.0,552.584
1995,207,17,29.17,70.837,3.141,0.0,718.409
1995,207,18,30.37,67.94,4.02,0.0,846.812
1995,207,19,31.57,65.149,4.904,0.0,870.481
1995,207,20,31.86,65.229,5.113,0.0,875.706
1995,207,21,32.15,65.289,5.322,0.0,829.566
1995,207,22,32.44,65.328,5.522,0.0,742.91
1995,207,23,32.07,66.932,5.241,0.0,591.855
1995,207,24,31.7,68.58,4.951,0.0,414.785
1995,208,1,31.33,70.269,4.671,0.0,201.664
1995,208,2,29.48,75.557,4.257,0.0,67.688
1995,208,3,27.63,81.264,3.847,0.0,0.0
1995,208,4,25.78,87.421,3.446,0.0,0.0
1995,208,5,25.23,89.007,3.23,0.0,0.0
1995,208,6,24.69,90.56,3.099,0.0,0.0
1995,208,7,24.14,92.186,3.062,0.0,0.0
1995,208,8,23.79,92.92,3.08,0.0,0.0
1995,208,9,23.44,93.646,3.101,0.0,0.0
1995,208,10,23.1,94.31,3.126,0.0,0.0
1995,208,11,23.1,94.047,3.305,0.0,0.0
1995,208,12,23.1,93.783,3.495,0.0,0.0
1995,208,13,23.11,93.463,3.701,0.0,83.248
1995,208,14,25.11,87.46,4.386,0.0,228.448
1995,208,15,27.12,81.711,5.121,0.0,383.141
1995,208,16,29.13,76.283,5.886,0.0,555.184
1995,208,17,30.55,72.573,6.404,0.0,722.266
1995,208,18,31.97,69.033,6.921,0.0,851.655
1995,208,19,33.39,65.656,7.456,0.0,884.938
1995,208,20,33.92,64.136,7.209,0.0,890.271
1995,208,21,34.45,62.654,7.004,0.0,843.239
1995,208,22,34.98,61.21,6.853,0.0,736.113
1995,208,23,34.63,62.44,6.03,0.0,586.064
1995,208,24,34.27,63.733,5.217,0.0,410.194
1995,209,1,33.92,65.02,4.435,0.0,197.344
1995,209,2,32.1,69.703,4.002,0.0,65.096
1995,209,3,30.29,74.693,3.559,0.0,0.0
1995,209,4,28.48,80.049,3.135,0.0,0.0
1995,209,5,27.88,82.234,2.928,0.0,0.0
1995,209,6,27.27,84.533,2.748,0.0,0.0
1995,209,7,26.67,86.858,2.596,0.0,0.0
1995,209,8,26.42,87.17,2.182,0.0,0.0
1995,209,9,26.17,87.47,1.79,0.0,0.0
1995,209,10,25.92,87.764,1.429,0.0,0.0
1995,209,11,25.53,89.389,1.06,0.0,0.0
1995,209,12,25.14,91.049,0.693,0.0,0.0
1995,209,13,24.75,92.741,0.376,0.0,82.744
1995,209,14,26.47,86.879,0.683,0.0,230.432
1995,209,15,28.18,81.436,1.222,0.0,387.692
1995,209,16,29.9,76.293,1.79,0.0,563.426
1995,209,17,31.23,68.77,2.97,0.0,733.471
1995,209,18,32.56,61.983,4.172,0.0,865.161
1995,209,19,33.9,55.828,5.385,0.0,901.077
1995,209,20,34.11,52.544,5.206,0.0,906.492
1995,209,21,34.32,49.326,5.043,0.0,858.489
1995,209,22,34.53,46.174,4.904,0.0,754.072
1995,209,23,33.65,49.132,4.117,0.0,599.955
1995,209,24,32.77,52.288,3.326,0.0,419.334
1995,210,1,31.88,55.686,2.536,0.0,205.488
1995,210,2,29.56,60.055,3.082,0.0,66.528
1995,210,3,27.24,64.681,3.674,0.0,0.0
1995,210,4,24.91,69.58,4.294,0.0,0.0
1995,210,5,23.87,72.793,4.121,0.0,0.0
1995,210,6,22.83,76.167,3.971,0.0,0.0
1995,210,7,21.79,79.711,3.848,0.0,0.0
1995,210,8,21.09,81.321,3.653,0.0,0.0
1995,210,9,20.39,82.937,3.468,0.0,0.0
1995,210,10,19.69,84.558,3.297,0.0,0.0
1995,210,11,19.43,85.692,3.191,0.0,0.0
1995,210,12,19.16,86.895,3.099,0.0,0.0
1995,210,13,18.9,88.064,2.999,0.0,81.464
1995,210,14,21.43,83.496,2.933,0.0,230.36
1995,210,15,23.95,78.677,2.869,0.0,388.835
1995,210,16,26.48,73.706,2.815,0.0,560.461
1995,210,17,28.24,69.475,2.74,0.0,730.084
1995,210,18,30.0,65.452,3.071,0.0,861.466
1995,210,19,31.76,61.633,3.698,0.0,891.322
1995,210,20,32.25,58.804,4.016,0.0,896.683
1995,210,21,32.74,56.09,4.349,0.0,849.042
1995,210,22,33.23,53.488,4.689,0.0,740.018
1995,210,23,32.73,55.625,4.329,0.0,588.349
1995,210,24,32.23,57.847,3.975,0.0,410.626
1995,211,1,31.74,60.122,3.623,0.0,195.392
1995,211,2,29.97,64.673,3.514,0.0,62.008
1995,211,3,28.2,69.599,3.48,0.0,0.0
1995,211,4,26.44,74.889,3.52,0.0,0.0
1995,211,5,25.62,77.784,3.476,0.0,0.0
1995,211,6,24.8,80.807,3.461,0.0,0.0
1995,211,7,23.98,83.959,3.465,0.0,0.0
1995,211,8,23.41,85.601,3.343,0.0,0.0
1995,211,9,22.85,87.218,3.24,0.0,0.0
1995,211,10,22.29,88.854,3.155,0.0,0.0
1995,211,11,22.11,90.03,2.91,0.0,0.0
1995,211,12,21.93,91.223,2.668,0.0,0.0
1995,211,13,21.75,92.43,2.43,0.0,75.28
1995,211,14,23.88,87.309,2.513,0.0,216.304
1995,211,15,26.0,82.286,2.855,0.0,366.315
1995,211,16,28.13,77.33,3.379,0.0,544.683
1995,211,17,29.08,72.529,3.507,0.0,710.03
1995,211,18,30.04,68.01,3.651,0.0,838.084
1995,211,19,31.0,63.79,3.8,0.0,682.531
1995,211,20,31.02,63.478,3.91,0.0,686.606
1995,211,21,31.05,63.131,4.098,0.0,650.024
1995,211,22,31.08,62.785,4.332,0.0,420.656
1995,211,23,30.63,64.156,3.754,0.0,334.18
1995,211,24,30.18,65.563,3.187,0.65,232.892
1995,212,1,29.73,67.004,2.619,0.0,185.92
1995,212,2,28.63,67.806,2.374,0.0,57.752
1995,212,3,27.54,68.415,2.219,0.0,0.0
1995,212,4,26.44,68.883,2.172,0.0,0.0
1995,212,5,25.63,72.154,2.37,0.0,0.0
1995,212,6,24.82,75.604,2.749,0.0,0.0
1995,212,7,24.01,79.241,3.244,0.0,0.0
1995,212,8,23.48,81.469,3.139,0.0,0.0
1995,212,9,22.96,83.718,3.114,0.0,0.0
1995,212,10,22.43,86.091,3.188,0.0,0.0
1995,212,11,22.49,87.287,2.815,0.0,0.0
1995,212,12,22.55,88.469,2.454,0.0,0.0
1995,212,13,22.61,89.645,2.117,0.0,72.928
1995,212,14,24.46,84.812,2.214,0.0,213.024
1995,212,15,26.3,80.165,2.356,0.0,361.989
1995,212,16,28.15,75.637,2.526,0.0,504.624
1995,212,17,28.97,71.691,2.833,0.0,658.233
1995,212,18,29.8,67.928,3.206,0.0,777.208
1995,212,19,30.62,64.415,3.616,0.0,539.17
1995,212,20,30.65,62.896,3.692,0.0,542.399
1995,212,21,30.68,61.384,3.801,0.22,513.385
1995,212,22,30.72,59.843,3.958,0.0,347.453
1995,212,23,30.18,62.956,3.318,0.0,275.82
1995,212,24,29.65,66.175,2.769,0.398,191.914
1995,213,1,29.11,69.581,2.39,0.464,113.504
1995,213,2,28.37,71.246,1.593,0.147,34.296
1995,213,3,27.62,72.98,0.81,0.056,0.0
1995,213,4,26.87,74.742,0.208,0.0,0.0
1995,213,5,26.39,77.323,0.919,0.0,0.0
1995,213,6,25.9,80.048,1.812,0.51,0.0
1995,213,7,25.41,82.872,2.7,1.972,0.0
1995,213,8,25.2,85.476,2.134,1.777,0.0
1995,213,9,24.99,88.136,1.588,5.966,0.0
1995,213,10,24.78,90.852,1.101,0.017,0.0
1995,213,11,24.42,91.686,1.31,2.501,0.0
1995,213,12,24.05,92.576,1.728,0.0,0.0
1995,213,13,23.69,93.414,2.228,15.164,31.568
1995,213,14,23.33,92.207,1.66,8.933,93.824
1995,213,15,22.96,90.949,2.35,5.498,153.81
1995,213,16,22.6,89.526,3.652,0.159,380.185
1995,213,17,23.47,84.491,3.303,0.024,488.324
1995,213,18,24.34,79.764,3.003,0.189,568.933
1995,213,19,25.21,75.327,2.778,0.423,489.847
1995,213,20,25.74,75.009,3.075,0.139,478.251
1995,213,21,26.28,74.6,3.384,1.309,456.367
1995,213,22,26.81,74.193,3.71,0.574,426.719
1995,213,23,26.61,75.232,3.521,0.185,333.849
1995,213,24,26.42,76.238,3.336,1.994,223.554
1995,214,1,26.22,77.306,3.154,1.156,96.704
1995,214,2,25.27,81.172,2.92,1.13,28.496
1995,214,3,24.32,85.261,2.815,1.881,0.0
1995,214,4,23.38,89.53,2.825,0.082,0.0
1995,214,5,23.14,90.707,2.734,0.027,0.0
1995,214,6,22.91,91.845,2.654,0.832,0.0
1995,214,7,22.68,92.998,2.595,0.164,0.0
1995,214,8,22.59,93.584,2.435,0.902,0.0
1995,214,9,22.49,94.234,2.341,0.328,0.0
1995,214,10,22.4,94.828,2.304,1.266,0.0
1995,214,11,22.52,94.272,1.941,0.213,0.0
1995,214,12,22.64,93.723,1.592,0.203,0.0
1995,214,13,22.76,93.177,1.238,0.048,37.176
1995,214,14,23.53,90.929,0.858,1.703,112.496
1995,214,15,24.29,88.77,0.491,0.659,185.055
1995,214,16,25.06,86.594,0.116,1.092,276.454
1995,214,17,25.74,82.342,0.49,1.602,355.349
1995,214,18,26.42,78.308,0.883,0.443,414.133
1995,214,19,27.1,74.477,1.268,0.0,495.789
1995,214,20,27.28,73.846,1.508,0.294,484.026
1995,214,21,27.45,73.265,2.008,3.762,461.79
1995,214,22,27.63,72.644,2.635,1.085,328.19
1995,214,23,27.48,75.028,2.493,2.81,256.543
1995,214,24,27.34,77.399,2.418,1.897,171.499
1995,215,1,27.19,79.851,2.402,4.476,81.024
1995,215,2,26.34,81.719,2.156,1.257,23.248
1995,215,3,25.49,83.592,1.95,1.682,0.0
1995,215,4,24.64,85.465,1.8,3.125,0.0
1995,215,5,24.44,86.865,1.44,1.93,0.0
1995,215,6,24.23,88.34,1.16,3.052,0.0
1995,215,7,24.02,89.842,1.002,0.0,0.0
1995,215,8,23.73,90.244,1.046,0.0,0.0
1995,215,9,23.43,90.688,1.089,0.0,0.0
1995,215,10,23.14,91.071,1.141,0.036,0.0
1995,215,11,23.15,92.225,0.67,0.018,0.0
1995,215,12,23.15,93.435,0.27,0.046,0.0
1995,215,13,23.16,94.587,0.422,0.251,43.456
1995,215,14,24.18,91.312,0.278,1.291,133.984
1995,215,15,25.2,88.134,0.352,0.0,221.188
1995,215,16,26.21,85.102,0.563,0.061,305.907
1995,215,17,26.92,79.961,0.223,0.565,393.452
1995,215,18,27.64,75.068,0.768,0.599,458.696
1995,215,19,28.35,70.5,1.39,0.719,544.091
1995,215,20,28.75,68.427,1.478,0.0,531.154
1995,215,21,29.15,66.419,1.585,0.0,506.635
1995,215,22,29.56,64.433,1.697,0.81,370.372
1995,215,23,28.89,68.927,1.623,12.049,289.265
1995,215,24,28.23,73.649,2.07,1.531,193.027
1995,216,1,27.57,78.65,2.8,0.0,69.584
1995,216,2,26.53,82.594,2.775,0.0,19.4
1995,216,3,25.49,86.765,2.744,1.74,0.0
1995,216,4,24.45,91.175,2.705,0.37,0.0
1995,216,5,24.01,92.451,2.62,1.037,0.0
1995,216,6,23.58,93.68,2.545,0.259,0.0
1995,216,7,23.14,94.975,2.469,0.0,0.0
1995,216,8,22.91,95.267,2.402,0.059,0.0
1995,216,9,22.67,95.607,2.384,0.0,0.0
1995,216,10,22.43,95.944,2.392,0.0,0.0
1995,216,11,22.48,95.525,2.434,0.0,0.0
1995,216,12,22.53,95.111,2.479,1.596,0.0
1995,216,13,22.57,94.751,2.548,0.0,64.184
1995,216,14,23.73,91.81,2.973,0.175,201.776
1995,216,15,24.88,88.934,3.4,0.042,334.314
1995,216,16,26.04,86.03,3.832,0.0,467.545
1995,216,17,26.95,81.012,3.966,0.022,601.768
1995,216,18,27.87,76.264,4.158,0.093,701.77
1995,216,19,28.78,71.86,4.41,0.0,775.183
1995,216,20,29.28,69.705,4.249,0.0,756.692
1995,216,21,29.77,67.658,4.168,0.0,721.577
1995,216,22,30.27,65.642,4.171,0.0,739.194
1995,216,23,29.99,66.67,3.783,0.0,576.792
1995,216,24,29.71,67.714,3.413,0.07,384.193
1995,217,1,29.43,68.778,3.09,0.011,171.632
1995,217,2,27.86,74.22,3.111,0.061,46.376
1995,217,3,26.28,80.207,3.149,0.02,0.0
1995,217,4,24.7,86.748,3.174,0.0,0.0
1995,217,5,24.29,88.344,2.929,0.0,0.0
1995,217,6,23.88,89.973,2.676,0.0,0.0
1995,217,7,23.48,91.582,2.42,0.0,0.0
1995,217,8,23.19,91.933,1.986,0.0,0.0
1995,217,9,22.9,92.272,1.682,0.0,0.0
1995,217,10,22.61,92.599,1.616,0.0,0.0
1995,217,11,22.38,93.428,1.805,0.0,0.0
1995,217,12,22.15,94.264,2.039,0.0,0.0
1995,217,13,21.93,95.05,2.318,0.0,64.424
1995,217,14,23.37,90.905,2.256,0.0,206.688
1995,217,15,24.81,86.868,2.206,0.0,343.709
1995,217,16,26.26,82.902,2.154,0.0,487.864
1995,217,17,27.09,78.08,2.056,0.0,628.355
1995,217,18,27.92,73.551,2.174,0.0,733.031
1995,217,19,28.75,69.299,2.495,0.0,761.088
1995,217,20,29.16,68.107,2.527,0.0,742.867
1995,217,21,29.57,66.938,2.605,0.0,708.208
1995,217,22,29.98,65.79,2.733,0.0,659.168
1995,217,23,29.71,66.9,2.796,0.0,513.842
1995,217,24,29.45,67.993,2.948,0.0,341.606
1995,218,1,29.18,69.144,3.168,0.0,169.632
1995,218,2,27.75,72.986,2.858,0.022,44.312
1995,218,3,26.32,77.037,2.543,0.016,0.0
1995,218,4,24.89,81.309,2.231,0.0,0.0
1995,218,5,24.26,83.915,2.529,0.0,0.0
1995,218,6,23.63,86.617,2.829,0.011,0.0
1995,218,7,23.0,89.418,3.129,0.004,0.0
1995,218,8,22.89,90.424,2.726,0.434,0.0
1995,218,9,22.78,91.441,2.344,1.026,0.0
1995,218,10,22.68,92.411,1.989,0.115,0.0
1995,218,11,22.55,93.122,1.848,0.226,0.0
1995,218,12,22.43,93.784,1.751,0.077,0.0
1995,218,13,22.31,94.451,1.674,0.027,50.6
1995,218,14,23.82,91.223,2.053,0.0,165.824
1995,218,15,25.32,87.975,2.505,0.0,276.779
1995,218,16,26.83,84.638,2.981,0.373,334.227
1995,218,17,27.61,80.076,3.095,0.302,430.782
1995,218,18,28.39,75.77,3.214,0.0,502.707
1995,218,19,29.16,71.749,3.349,0.0,531.723
1995,218,20,29.49,70.742,4.052,0.0,518.918
1995,218,21,29.82,69.751,4.785,0.0,494.571
1995,218,22,30.15,68.777,5.552,0.225,469.84
1995,218,23,29.88,70.085,4.622,0.882,365.889
1995,218,24,29.62,71.379,3.693,0.702,242.758
1995,219,1,29.35,72.739,2.756,0.21,112.24
1995,219,2,28.25,76.461,2.813,0.127,28.264
1995,219,3,27.15,80.397,2.985,0.0,0.0
1995,219,4,26.06,84.511,3.256,0.0,0.0
1995,219,5,25.56,86.405,3.16,0.0,0.0
1995,219,6,25.07,88.291,3.065,0.0,0.0
1995,219,7,24.57,90.277,2.97,0.0,0.0
1995,219,8,24.42,91.094,2.913,0.0,0.0
1995,219,9,24.26,91.975,2.881,0.0,0.0
1995,219,10,24.11,92.809,2.864,0.0,0.0
1995,219,11,23.92,93.153,2.934,0.0,0.0
1995,219,12,23.73,93.495,3.022,0.0,0.0
1995,219,13,23.54,93.831,3.135,0.0,63.272
1995,219,14,25.28,89.37,3.95,0.0,212.0
1995,219,15,27.03,84.937,4.893,0.0,355.196
1995,219,16,28.78,80.62,5.888,0.0,520.337
1995,219,17,29.97,76.276,5.974,0.0,671.069
1995,219,18,31.15,72.236,6.065,0.0,783.365
1995,219,19,32.34,68.399,6.158,0.0,885.033
1995,219,20,32.76,67.073,6.337,0.0,863.689
1995,219,21,33.17,65.812,6.535,0.0,822.897
1995,219,22,33.59,64.543,6.763,0.0,746.618
1995,219,23,33.12,66.271,6.461,0.0,580.837
1995,219,24,32.64,68.091,6.172,0.0,384.571
1995,220,1,32.17,69.929,5.881,0.0,162.752
1995,220,2,30.63,74.911,5.368,0.0,39.368
1995,220,3,29.09,80.296,4.881,0.0,0.0
1995,220,4,27.55,86.12,4.418,0.0,0.0
1995,220,5,26.99,87.329,4.383,0.0,0.0
1995,220,6,26.43,88.533,4.359,0.0,0.0
1995,220,7,25.87,89.731,4.326,0.0,0.0
1995,220,8,25.37,90.848,4.187,0.0,0.0
1995,220,9,24.88,91.907,4.041,0.0,0.0
1995,220,10,24.39,92.958,3.908,0.0,0.0
1995,220,11,24.17,93.256,4.15,0.0,0.0
1995,220,12,23.94,93.603,4.408,0.0,0.0
1995,220,13,23.72,93.888,4.665,0.0,65.896
1995,220,14,25.35,89.588,5.177,0.0,225.968
1995,220,15,26.97,85.425,5.696,0.0,380.067
1995,220,16,28.6,81.321,6.215,0.0,556.518
1995,220,17,29.87,76.619,6.355,0.0,718.242
1995,220,18,31.14,72.222,6.494,0.0,838.684
1995,220,19,32.41,68.112,6.628,0.0,892.318
1995,220,20,32.77,66.245,6.671,0.0,870.699
1995,220,21,33.13,64.43,6.729,0.0,829.313
1995,220,22,33.49,62.664,6.809,0.0,750.41
1995,220,23,32.94,64.94,6.494,0.0,583.151
1995,220,24,32.38,67.342,6.169,0.0,385.282
1995,221,1,31.82,69.841,5.856,0.0,159.984
1995,221,2,30.28,74.785,5.182,0.0,37.04
1995,221,3,28.74,80.125,4.52,0.0,0.0
1995,221,4,27.19,85.946,3.852,0.0,0.0
1995,221,5,26.82,87.074,3.902,0.0,0.0
1995,221,6,26.46,88.163,3.953,0.0,0.0
1995,221,7,26.09,89.316,3.993,0.0,0.0
1995,221,8,25.73,90.117,3.834,0.0,0.0
1995,221,9,25.37,90.915,3.681,0.0,0.0
1995,221,10,25.02,91.658,3.536,0.0,0.0
1995,221,11,24.76,92.107,3.435,0.0,0.0
1995,221,12,24.51,92.495,3.336,0.0,0.0
1995,221,13,24.26,92.875,3.237,0.0,58.864
1995,221,14,25.87,87.289,3.699,0.0,206.784
1995,221,15,27.48,82.04,4.185,0.0,349.18
1995,221,16,29.08,77.154,4.684,0.0,503.354
1995,221,17,29.89,72.931,5.041,0.0,650.063
1995,221,18,30.69,68.991,5.416,0.0,759.326
1995,221,19,31.49,65.274,5.801,0.0,763.249
1995,221,20,31.63,65.039,5.818,0.0,744.649
1995,221,21,31.76,64.84,5.836,0.0,709.024
1995,221,22,31.9,64.603,5.854,0.0,625.364
1995,221,23,31.5,66.227,5.413,0.0,485.432
1995,221,24,31.11,67.858,4.986,0.0,320.0
1995,222,1,30.72,69.533,4.551,0.0,150.192
1995,222,2,29.2,74.115,4.228,0.0,33.136
1995,222,3,27.69,78.985,3.91,0.0,0.0
1995,222,4,26.18,84.208,3.596,0.0,0.0
1995,222,5,25.43,85.551,3.514,0.0,0.0
1995,222,6,24.68,86.86,3.429,0.0,0.0
1995,222,7,23.92,88.182,3.337,0.0,0.0
1995,222,8,23.3,89.002,3.301,0.0,0.0
1995,222,9,22.68,89.773,3.267,0.0,0.0
1995,222,10,22.06,90.489,3.231,0.0,0.0
1995,222,11,21.41,91.23,3.138,0.0,0.0
1995,222,12,20.76,91.9,3.046,0.0,0.0
1995,222,13,20.11,92.491,2.954,0.0,63.136
1995,222,14,22.27,85.386,3.197,0.0,227.472
1995,222,15,24.42,78.831,3.452,0.0,385.657
1995,222,16,26.58,72.71,3.724,0.0,562.822
1995,222,17,28.04,67.775,4.163,0.0,727.36
1995,222,18,29.5,63.217,4.607,0.0,849.842
1995,222,19,30.95,59.038,5.047,0.0,900.58
1995,222,20,31.29,57.008,5.485,0.0,878.526
1995,222,21,31.62,55.067,5.936,0.0,836.215
1995,222,22,31.95,53.181,6.401,0.0,754.402
1995,222,23,31.39,55.959,5.648,0.0,584.91
1995,222,24,30.83,58.868,4.887,0.0,384.691
1995,223,1,30.27,61.914,4.139,0.0,158.816
1995,223,2,28.52,66.3,4.012,0.0,33.224
1995,223,3,26.76,71.05,3.943,0.0,0.0
1995,223,4,25.01,76.105,3.933,0.0,0.0
1995,223,5,24.19,78.443,3.8,0.0,0.0
1995,223,6,23.37,80.843,3.663,0.0,0.0
1995,223,7,22.55,83.31,3.532,0.0,0.0
1995,223,8,22.08,84.618,3.448,0.0,0.0
1995,223,9,21.62,85.888,3.368,0.0,0.0
1995,223,10,21.15,87.225,3.297,0.0,0.0
1995,223,11,20.86,88.432,3.169,0.0,0.0
1995,223,12,20.56,89.715,3.044,0.0,0.0
1995,223,13,20.27,90.959,2.92,0.0,59.624
1995,223,14,22.76,85.741,3.026,0.0,220.624
1995,223,15,25.25,80.401,3.122,0.0,375.547
1995,223,16,27.73,75.132,3.227,0.0,552.811
1995,223,17,29.27,70.15,3.851,0.0,714.932
1995,223,18,30.8,65.573,4.525,0.0,835.579
1995,223,19,32.33,61.327,5.227,0.0,888.95
1995,223,20,32.65,60.175,5.5,0.0,867.062
1995,223,21,32.97,59.047,5.787,0.0,825.002
1995,223,22,33.29,57.942,6.085,0.0,744.506
1995,223,23,32.7,59.974,5.815,0.0,576.559
1995,223,24,32.11,62.085,5.546,0.0,378.295
1995,224,1,31.52,64.28,5.274,0.0,152.128
1995,224,2,29.91,68.848,4.757,0.0,30.008
1995,224,3,28.3,73.778,4.268,0.0,0.0
1995,224,4,26.69,79.1,3.82,0.0,0.0
1995,224,5,26.03,81.214,3.722,0.0,0.0
1995,224,6,25.37,83.387,3.617,0.0,0.0
1995,224,7,24.71,85.616,3.516,0.0,0.0
1995,224,8,24.24,86.648,3.398,0.0,0.0
1995,224,9,23.77,87.678,3.305,0.0,0.0
1995,224,10,23.31,88.653,3.225,0.0,0.0
1995,224,11,22.99,89.777,3.097,0.0,0.0
1995,224,12,22.67,90.916,2.982,0.0,0.0
1995,224,13,22.36,92.014,2.903,0.0,56.584
1995,224,14,24.52,87.021,3.5,0.0,215.264
1995,224,15,26.67,82.09,4.114,0.0,367.941
1995,224,16,28.83,77.194,4.739,0.0,541.885
1995,224,17,30.05,72.954,5.446,0.0,701.26
1995,224,18,31.27,68.975,6.155,0.0,819.861
1995,224,19,32.49,65.24,6.862,0.0,881.742
1995,224,20,32.76,63.614,6.819,0.0,859.885
1995,224,21,33.02,62.059,6.78,0.0,817.852
1995,224,22,33.29,60.505,6.745,0.0,739.752
1995,224,23,32.6,62.482,6.17,0.0,572.152
1995,224,24,31.92,64.497,5.601,0.0,374.478
1995,225,1,31.23,66.624,5.05,0.0,148.656
1995,225,2,29.62,71.64,4.646,0.0,27.448
1995,225,3,28.0,77.129,4.252,0.0,0.0
1995,225,4,26.39,83.046,3.858,0.0,0.0
1995,225,5,25.78,84.854,3.761,0.0,0.0
1995,225,6,25.17,86.695,3.67,0.0,0.0
1995,225,7,24.57,88.518,3.585,0.0,0.0
1995,225,8,24.17,89.473,3.541,0.0,0.0
1995,225,9,23.77,90.43,3.51,0.0,0.0
1995,225,10,23.38,91.332,3.472,0.0,0.0
1995,225,11,23.18,91.746,3.421,0.0,0.0
1995,225,12,22.98,92.158,3.367,0.0,0.0
1995,225,13,22.77,92.624,3.332,0.0,54.64
1995,225,14,24.77,87.759,4.011,0.0,214.048
1995,225,15,26.77,82.952,4.708,0.0,367.398
1995,225,16,28.76,78.299,5.426,0.0,543.986
1995,225,17,29.9,74.498,5.989,0.0,704.473
1995,225,18,31.04,70.9,6.545,0.0,823.845
1995,225,19,32.18,67.494,7.116,0.0,877.563
1995,225,20,32.53,65.767,7.362,0.0,855.665
1995,225,21,32.88,64.086,7.622,0.0,813.512
1995,225,22,33.23,62.448,7.882,0.0,732.97
1995,225,23,32.61,63.73,7.309,0.0,566.195
1995,225,24,32.0,65.001,6.738,0.0,369.615
1995,226,1,31.38,66.33,6.166,0.0,145.296
1995,226,2,29.71,71.224,5.354,0.0,24.904
1995,226,3,28.04,76.513,4.565,0.0,0.0
1995,226,4,26.37,82.237,3.84,0.0,0.0
1995,226,5,25.86,84.139,3.863,0.0,0.0
1995,226,6,25.34,86.142,3.9,0.0,0.0
1995,226,7,24.83,88.147,3.941,0.0,0.0
1995,226,8,24.49,89.167,3.931,0.0,0.0
1995,226,9,24.15,90.195,3.912,0.0,0.0
1995,226,10,23.81,91.233,3.892,0.0,0.0
1995,226,11,23.56,91.763,3.791,0.0,0.0
1995,226,12,23.31,92.29,3.687,0.0,0.0
1995,226,13,23.07,92.757,3.59,0.0,52.472
1995,226,14,24.88,87.847,4.241,0.0,211.968
1995,226,15,26.69,83.082,4.894,0.0,365.368
1995,226,16,28.5,78.488,5.546,0.001,536.372
1995,226,17,29.71,74.672,5.124,0.0,695.084
1995,226,18,30.91,71.099,4.714,0.0,813.08
1995,226,19,32.12,67.675,4.32,0.0,864.731
1995,226,20,32.52,65.343,4.291,0.0,842.988
1995,226,21,32.91,63.123,4.26,0.0,801.156
1995,226,22,33.31,60.939,4.238,0.0,581.542
1995,226,23,32.71,63.447,4.289,0.0,448.628
1995,226,24,32.1,66.101,4.35,0.001,292.095
1995,227,1,31.5,68.834,4.411,0.0,117.296
1995,227,2,30.1,73.797,3.966,0.002,18.48
1995,227,3,28.7,79.173,3.526,0.001,0.0
1995,227,4,27.3,85.002,3.084,0.006,0.0
1995,227,5,26.69,86.393,3.032,0.001,0.0
1995,227,6,26.07,87.835,2.998,0.002,0.0
1995,227,7,25.46,89.224,2.969,0.005,0.0
1995,227,8,24.92,90.223,3.024,0.0,0.0
1995,227,9,24.39,91.148,3.109,0.006,0.0
1995,227,10,23.86,92.051,3.241,0.003,0.0
1995,227,11,23.76,92.046,3.365,0.002,0.0
1995,227,12,23.67,91.98,3.49,0.002,0.0
1995,227,13,23.57,91.966,3.617,0.001,34.552
1995,227,14,24.72,88.568,3.962,0.0,144.176
1995,227,15,25.87,85.264,4.412,0.0,249.589
1995,227,16,27.02,82.058,4.937,0.0,356.728
1995,227,17,27.9,78.6,4.725,0.005,462.591
1995,227,18,28.78,75.31,4.546,0.0,541.272
1995,227,19,29.65,72.216,4.409,0.0,649.956
1995,227,20,30.1,70.46,4.643,0.0,633.514
1995,227,21,30.55,68.75,4.88,0.0,601.824
1995,227,22,31.01,67.049,5.135,0.0,598.965
1995,227,23,30.5,68.691,5.062,0.019,461.436
1995,227,24,30.0,70.337,4.991,0.468,299.612
1995,228,1,29.49,72.07,4.92,0.356,108.48
1995,228,2,28.23,76.159,4.211,0.769,15.504
1995,228,3,26.97,80.505,3.551,0.458,0.0
1995,228,4,25.71,85.125,2.954,0.0,0.0
1995,228,5,25.37,86.753,2.917,0.1,0.0
1995,228,6,25.03,88.417,2.919,0.093,0.0
1995,228,7,24.69,90.119,2.96,0.0,0.0
1995,228,8,24.62,90.295,3.393,0.304,0.0
1995,228,9,24.55,90.471,3.856,0.084,0.0
1995,228,10,24.48,90.647,4.324,0.574,0.0
1995,228,11,24.43,90.452,4.362,0.0,0.0
1995,228,12,24.39,90.202,4.432,0.018,0.0
1995,228,13,24.35,89.949,4.524,0.288,30.376
1995,228,14,25.35,87.578,4.597,0.065,131.184
1995,228,15,26.35,85.219,4.677,0.0,228.087
1995,228,16,27.35,82.88,4.774,0.0,383.86
1995,228,17,28.52,79.293,5.171,0.0,498.145
1995,228,18,29.69,75.86,5.57,0.0,583.015
1995,228,19,30.85,72.621,5.97,0.178,652.23
1995,228,20,31.43,70.593,6.109,0.0,635.588
1995,228,21,32.01,68.63,6.238,0.002,603.516
1995,228,22,32.59,66.729,6.366,0.0,624.302
1995,228,23,32.19,67.472,5.693,0.0,480.266
1995,228,24,31.78,68.258,5.016,1.046,310.963
1995,229,1,31.38,69.009,4.34,0.508,106.272
1995,229,2,29.99,72.552,4.102,0.0,13.552
1995,229,3,28.59,76.312,3.877,0.0,0.0
1995,229,4,27.19,80.253,3.691,0.0,0.0
1995,229,5,26.5,82.239,3.58,0.04,0.0
1995,229,6,25.8,84.317,3.487,0.0,0.0
1995,229,7,25.11,86.388,3.394,0.0,0.0
1995,229,8,24.61,87.375,3.317,0.0,0.0
1995,229,9,24.1,88.404,3.26,0.0,0.0
1995,229,10,23.59,89.425,3.203,0.0,0.0
1995,229,11,23.11,90.44,3.088,0.0,0.0
1995,229,12,22.63,91.444,2.976,0.0,0.0
1995,229,13,22.16,92.382,2.876,0.0,46.192
1995,229,14,24.2,86.595,3.342,0.0,206.8
1995,229,15,26.24,81.057,3.812,0.0,361.155
1995,229,16,28.29,75.747,4.285,0.0,498.449
1995,229,17,29.69,70.983,4.477,0.0,647.273
1995,229,18,31.09,66.555,4.68,0.107,757.774
1995,229,19,32.49,62.44,4.872,0.0,871.446
1995,229,20,32.94,60.839,5.477,0.0,849.044
1995,229,21,33.38,59.318,6.082,0.0,805.827
1995,229,22,33.82,57.84,6.69,0.0,720.948
1995,229,23,33.19,60.267,5.916,0.0,553.825
1995,229,24,32.56,62.804,5.16,0.0,357.534
1995,230,1,31.94,65.418,4.423,0.0,131.264
1995,230,2,30.11,69.527,4.235,0.0,14.624
1995,230,3,28.28,73.843,4.041,0.0,0.0
1995,230,4,26.45,78.363,3.85,0.0,0.0
1995,230,5,25.73,80.574,3.724,0.0,0.0
1995,230,6,25.02,82.801,3.607,0.0,0.0
1995,230,7,24.31,85.088,3.495,0.0,0.0
1995,230,8,23.85,85.968,3.41,0.0,0.0
1995,230,9,23.38,86.889,3.33,0.0,0.0
1995,230,10,22.92,87.747,3.266,0.0,0.0
1995,230,11,22.55,88.644,3.182,0.0,0.0
1995,230,12,22.18,89.543,3.102,0.0,0.0
1995,230,13,21.81,90.441,3.019,0.0,44.088
1995,230,14,24.09,85.045,3.114,0.0,205.104
1995,230,15,26.37,79.727,3.316,0.0,359.812
1995,230,16,28.65,74.557,3.611,0.0,539.597
1995,230,17,30.1,68.91,4.272,0.0,701.188
1995,230,18,31.55,63.744,4.939,0.0,821.113
1995,230,19,33.0,59.013,5.605,0.0,874.556
1995,230,20,33.43,57.676,5.659,0.0,851.882
1995,230,21,33.86,56.373,5.728,0.0,808.136
1995,230,22,34.28,55.134,5.817,0.0,722.869
1995,230,23,33.69,58.253,4.851,0.0,554.47
1995,230,24,33.1,61.527,3.899,0.0,356.857
1995,231,1,32.52,64.925,2.939,0.0,127.536
1995,231,2,30.71,68.413,3.041,0.0,12.04
1995,231,3,28.91,71.942,3.152,0.0,0.0
1995,231,4,27.11,75.517,3.29,0.0,0.0
1995,231,5,26.56,77.117,3.1,0.0,0.0
1995,231,6,26.01,78.749,2.921,0.0,0.0
1995,231,7,25.47,80.37,2.734,0.0,0.0
1995,231,8,25.47,79.65,1.887,0.0,0.0
1995,231,9,25.47,78.928,1.045,0.0,0.0
1995,231,10,25.48,78.16,0.269,0.0,0.0
1995,231,11,25.06,79.563,0.434,0.0,0.0
1995,231,12,24.63,81.038,0.793,0.0,0.0
1995,231,13,24.21,82.495,1.181,0.0,41.712
1995,231,14,25.95,80.164,1.034,0.0,202.096
1995,231,15,27.68,77.64,1.337,0.0,356.152
1995,231,16,29.42,74.907,1.881,0.0,534.531
1995,231,17,30.59,70.189,1.837,0.0,695.084
1995,231,18,31.76,65.806,2.158,0.0,814.168
1995,231,19,32.94,61.696,2.723,0.0,866.591
1995,231,20,33.22,61.426,2.795,0.0,843.909
1995,231,21,33.51,61.114,2.953,0.0,800.192
1995,231,22,33.79,60.833,3.203,0.0,711.683
1995,231,23,33.2,63.122,3.22,0.0,545.051
1995,231,24,32.62,65.468,3.245,0.0,349.699
1995,232,1,32.03,67.947,3.271,0.0,131.008
1995,232,2,30.09,72.297,3.368,0.0,10.016
1995,232,3,28.14,76.893,3.504,0.0,0.0
1995,232,4,26.2,81.63,3.649,0.0,0.0
1995,232,5,25.4,84.201,3.51,0.0,0.0
1995,232,6,24.59,86.905,3.372,0.0,0.0
1995,232,7,23.79,89.641,3.26,0.0,0.0
1995,232,8,23.2,90.892,3.121,0.0,0.0
1995,232,9,22.6,92.19,3.004,0.0,0.0
1995,232,10,22.01,93.415,2.89,0.0,0.0
1995,232,11,21.57,94.132,2.773,0.0,0.0
1995,232,12,21.12,94.884,2.652,0.0,0.0
1995,232,13,20.68,95.548,2.54,0.0,39.752
1995,232,14,22.44,90.669,2.652,0.0,201.12
1995,232,15,24.2,85.908,2.846,0.0,356.093
1995,232,16,25.96,81.294,3.092,0.0,535.484
1995,232,17,27.46,76.71,2.926,0.0,696.767
1995,232,18,28.96,72.388,2.924,0.0,816.352
1995,232,19,30.47,68.278,3.085,0.0,871.171
1995,232,20,31.1,65.009,3.097,0.0,848.174
1995,232,21,31.72,61.931,3.12,0.0,803.834
1995,232,22,32.35,58.968,3.17,0.0,716.939
1995,232,23,31.66,61.627,3.085,0.0,548.215
1995,232,24,30.97,64.417,3.019,0.0,350.598
1995,233,1,30.27,67.386,2.973,0.0,122.64
1995,233,2,28.16,70.281,3.19,0.0,7.056
1995,233,3,26.04,72.962,3.412,0.0,0.0
1995,233,4,23.92,75.25,3.642,0.0,0.0
1995,233,5,23.2,77.178,3.32,0.0,0.0
1995,233,6,22.48,79.148,2.999,0.0,0.0
1995,233,7,21.76,81.155,2.701,0.0,0.0
1995,233,8,21.27,82.544,2.594,0.0,0.0
1995,233,9,20.78,83.95,2.585,0.0,0.0
1995,233,10,20.29,85.374,2.689,0.0,0.0
1995,233,11,19.87,86.564,2.64,0.0,0.0
1995,233,12,19.44,87.817,2.591,0.0,0.0
1995,233,13,19.01,89.081,2.552,0.0,37.76
1995,233,14,21.13,85.446,2.439,0.0,200.08
1995,233,15,23.26,81.478,2.378,0.0,355.915
1995,233,16,25.38,77.415,2.358,0.0,535.252
1995,233,17,27.02,71.93,2.908,0.0,696.962
1995,233,18,28.66,66.875,3.447,0.0,816.774
1995,233,19,30.3,62.215,3.992,0.0,867.832
1995,233,20,30.71,60.801,4.049,0.0,844.703
1995,233,21,31.12,59.423,4.114,0.0,800.134
1995,233,22,31.53,58.081,4.178,0.0,712.072
1995,233,23,31.02,61.089,3.584,0.0,543.597
1995,233,24,30.52,64.192,2.978,0.0,346.494
1995,234,1,30.01,67.468,2.386,0.0,117.392
1995,234,2,27.99,71.14,2.85,0.0,4.408
1995,234,3,25.97,74.804,3.35,0.0,0.0
1995,234,4,23.96,78.342,3.88,0.0,0.0
1995,234,5,23.09,80.822,3.746,0.0,0.0
1995,234,6,22.22,83.369,3.622,0.0,0.0
1995,234,7,21.36,85.931,3.519,0.0,0.0
1995,234,8,20.67,87.645,3.418,0.0,0.0
1995,234,9,19.98,89.369,3.325,0.0,0.0
1995,234,10,19.29,91.095,3.229,0.0,0.0
1995,234,11,18.77,92.095,3.109,0.0,0.0
1995,234,12,18.25,93.075,3.005,0.0,0.0
1995,234,13,17.73,94.022,2.895,0.0,35.696
1995,234,14,20.12,89.097,2.777,0.0,198.752
1995,234,15,22.51,83.947,2.661,0.0,355.246
1995,234,16,24.91,78.696,2.557,0.0,535.876
1995,234,17,26.73,72.698,2.28,0.0,698.242
1995,234,18,28.56,67.159,2.446,0.0,818.477
1995,234,19,30.38,62.119,2.984,0.0,870.685
1995,234,20,30.9,60.249,3.046,0.0,847.263
1995,234,21,31.41,58.472,3.116,0.0,802.117
1995,234,22,31.93,56.724,3.203,0.0,713.345
1995,234,23,31.32,59.609,2.831,0.0,543.657
1995,234,24,30.71,62.637,2.468,0.0,345.339
1995,235,1,30.1,65.813,2.12,0.0,113.072
1995,235,2,28.43,68.234,2.359,0.0,1.864
1995,235,3,26.76,70.547,2.727,0.0,0.0
1995,235,4,25.09,72.699,3.18,0.0,0.0
1995,235,5,24.18,75.919,3.194,0.0,0.0
1995,235,6,23.28,79.252,3.208,0.0,0.0
1995,235,7,22.37,82.801,3.213,0.0,0.0
1995,235,8,21.63,84.541,3.183,0.0,0.0
1995,235,9,20.89,86.291,3.19,0.0,0.0
1995,235,10,20.15,88.042,3.242,0.0,0.0
1995,235,11,19.73,88.116,3.024,0.0,0.0
1995,235,12,19.32,88.086,2.846,0.0,0.0
1995,235,13,18.91,87.998,2.693,0.0,33.368
1995,235,14,21.26,82.305,2.328,0.0,195.952
1995,235,15,23.62,76.684,2.121,0.0,351.947
1995,235,16,25.97,71.313,2.14,0.0,532.187
1995,235,17,27.52,67.199,2.585,0.0,693.885
1995,235,18,29.08,63.287,3.052,0.0,813.579
1995,235,19,30.63,59.643,3.541,0.0,867.502
1995,235,20,31.04,57.832,3.057,0.0,843.92
1995,235,21,31.45,56.077,2.715,0.0,798.51
1995,235,22,31.86,54.377,2.57,0.0,711.801
1995,235,23,30.97,57.148,2.427,0.0,541.56
1995,235,24,30.07,60.115,2.329,0.0,342.791
1995,236,1,29.17,63.258,2.285,0.0,113.408
1995,236,2,27.43,64.957,2.526,0.0,0.0
1995,236,3,25.69,66.378,2.796,0.0,0.0
1995,236,4,23.95,67.43,3.087,0.0,0.0
1995,236,5,22.84,70.256,3.143,0.0,0.0
1995,236,6,21.74,73.146,3.207,0.0,0.0
1995,236,7,20.63,76.186,3.299,0.0,0.0
1995,236,8,20.27,75.631,2.67,0.0,0.0
1995,236,9,19.91,75.02,2.052,0.0,0.0
1995,236,10,19.55,74.345,1.427,0.0,0.0
1995,236,11,18.66,76.184,1.72,0.0,0.0
1995,236,12,17.78,77.969,2.022,0.0,0.0
1995,236,13,16.89,79.789,2.336,0.0,31.8
1995,236,14,19.24,78.103,2.05,0.0,197.8
1995,236,15,21.58,75.607,1.82,0.0,357.022
1995,236,16,23.92,72.549,1.672,0.0,540.322
1995,236,17,25.73,64.557,1.809,0.0,704.977
1995,236,18,27.55,57.491,2.0,0.0,826.768
1995,236,19,29.36,51.297,2.23,0.0,878.759
1995,236,20,29.85,48.154,2.167,0.0,854.622
1995,236,21,30.35,45.127,2.214,0.0,808.182
1995,236,22,30.84,42.263,2.38,0.0,717.476
1995,236,23,29.88,47.046,2.33,0.0,544.91
1995,236,24,28.92,52.248,2.282,0.0,343.653
1995,237,1,27.96,57.909,2.236,0.0,111.808
1995,237,2,26.68,57.112,2.242,0.0,0.0
1995,237,3,25.4,55.868,2.297,0.0,0.0
1995,237,4,24.12,54.1,2.406,0.0,0.0
1995,237,5,23.05,57.154,2.387,0.0,0.0
1995,237,6,21.99,60.368,2.362,0.0,0.0
1995,237,7,20.93,63.789,2.348,0.0,0.0
1995,237,8,20.56,64.323,2.03,0.0,0.0
1995,237,9,20.19,64.853,1.735,0.0,0.0
1995,237,10,19.82,65.377,1.458,0.0,0.0
1995,237,11,18.91,68.335,1.709,0.0,0.0
1995,237,12,18.01,71.394,1.995,0.0,0.0
1995,237,13,17.1,74.656,2.287,0.0,29.36
1995,237,14,19.46,75.972,1.954,0.0,194.384
1995,237,15,21.82,75.695,1.724,0.0,352.632
1995,237,16,24.18,74.282,1.639,0.0,534.578
1995,237,17,26.11,67.744,1.938,0.0,697.954
1995,237,18,28.05,61.814,2.328,0.0,818.716
1995,237,19,29.98,56.498,2.762,0.0,869.998
1995,237,20,30.48,53.975,2.616,0.0,845.85
1995,237,21,30.97,51.585,2.482,0.0,799.425
1995,237,22,31.47,49.262,2.351,0.0,707.319
1995,237,23,30.62,52.944,2.253,0.0,536.224
1995,237,24,29.77,56.886,2.193,0.0,336.901
1995,238,1,28.93,61.071,2.173,0.0,104.864
1995,238,2,27.75,61.828,2.196,0.0,0.0
1995,238,3,26.57,62.417,2.244,0.0,0.0
1995,238,4,25.4,62.763,2.302,0.0,0.0
1995,238,5,24.49,65.917,2.106,0.0,0.0
1995,238,6,23.59,69.21,2.135,0.0,0.0
1995,238,7,22.68,72.734,2.405,0.0,0.0
1995,238,8,22.18,74.536,2.33,0.0,0.0
1995,238,9,21.68,76.389,2.303,0.0,0.0
1995,238,10,21.18,78.294,2.333,0.0,0.0
1995,238,11,20.96,78.758,2.163,0.0,0.0
1995,238,12,20.74,79.223,2.001,0.0,0.0
1995,238,13,20.52,79.686,1.841,0.0,26.584
1995,238,14,22.8,78.616,1.238,0.0,188.4
1995,238,15,25.09,76.605,0.671,0.0,343.49
1995,238,16,27.37,74.017,0.414,0.0,492.308
1995,238,17,28.89,68.352,0.77,0.0,643.199
1995,238,18,30.42,63.142,1.152,0.0,754.653
1995,238,19,31.94,58.413,1.536,0.0,822.395
1995,238,20,32.33,56.39,1.315,0.0,799.333
1995,238,21,32.71,54.46,1.233,0.0,754.996
1995,238,22,33.09,52.592,1.306,0.0,677.83
1995,238,23,32.32,55.721,1.513,0.0,512.928
1995,238,24,31.54,59.07,1.724,0.0,321.009
1995,239,1,30.76,62.626,1.942,0.0,97.632
1995,239,2,29.96,61.932,1.756,0.0,0.0
1995,239,3,29.16,61.048,1.569,0.0,0.0
1995,239,4,28.37,59.917,1.401,0.0,0.0
1995,239,5,27.69,61.961,1.294,0.0,0.0
1995,239,6,27.01,64.087,1.203,0.0,0.0
1995,239,7,26.34,66.255,1.119,0.0,0.0
1995,239,8,25.8,67.782,1.248,0.0,0.0
1995,239,9,25.27,69.305,1.381,0.0,0.0
1995,239,10,24.74,70.866,1.523,0.0,0.0
1995,239,11,24.24,72.34,1.259,0.0,0.0
1995,239,12,23.75,73.802,1.0,0.0,0.0
1995,239,13,23.26,75.292,0.743,0.0,24.328
1995,239,14,25.24,74.295,0.609,0.0,185.712
1995,239,15,27.23,72.654,0.553,0.0,340.367
1995,239,16,29.22,70.581,0.597,0.0,520.97
1995,239,17,30.54,63.908,0.62,0.0,681.102
1995,239,18,31.85,57.91,0.637,0.0,799.306
1995,239,19,33.17,52.45,0.655,0.0,850.864
1995,239,20,33.47,51.072,0.967,0.0,826.734
1995,239,21,33.77,49.728,1.42,0.0,780.389
1995,239,22,34.07,48.417,1.913,0.0,685.813
1995,239,23,33.15,51.23,1.728,0.0,517.967
1995,239,24,32.22,54.256,1.63,0.0,322.859
1995,240,1,31.3,57.445,1.637,0.0,96.656
1995,240,2,30.42,58.237,1.708,0.0,0.0
1995,240,3,29.54,58.973,1.795,0.0,0.0
1995,240,4,28.66,59.644,1.881,0.0,0.0
1995,240,5,27.44,63.876,2.036,0.0,0.0
1995,240,6,26.22,68.452,2.188,0.0,0.0
1995,240,7,25.0,73.404,2.343,0.0,0.0
1995,240,8,24.63,73.922,2.09,0.0,0.0
1995,240,9,24.27,74.386,1.847,0.0,0.0
1995,240,10,23.9,74.885,1.604,0.0,0.0
1995,240,11,22.97,77.9,1.859,0.0,0.0
1995,240,12,22.04,81.041,2.17,0.0,0.0
1995,240,13,21.12,84.267,2.53,0.0,22.368
1995,240,14,23.35,81.084,2.084,0.0,185.456
1995,240,15,25.58,77.518,1.641,0.0,341.67
1995,240,16,27.81,73.734,1.235,0.0,524.01
1995,240,17,29.43,66.767,1.444,0.0,685.531
1995,240,18,31.04,60.557,1.735,0.0,804.688
1995,240,19,32.66,54.953,2.072,0.0,857.072
1995,240,20,33.09,53.262,2.36,0.0,832.485
1995,240,21,33.52,51.624,2.682,0.0,785.338
1995,240,22,33.94,50.066,3.023,0.0,692.566
1995,240,23,32.96,53.558,2.696,0.0,522.048
1995,240,24,31.97,57.341,2.439,0.0,324.059
1995,241,1,30.98,61.405,2.26,0.0,95.488
1995,241,2,29.42,63.182,2.349,0.0,0.0
1995,241,3,27.86,64.816,2.511,0.0,0.0
1995,241,4,26.29,66.294,2.715,0.0,0.0
1995,241,5,25.29,69.353,2.767,0.0,0.0
1995,241,6,24.28,72.611,2.825,0.0,0.0
1995,241,7,23.27,76.043,2.89,0.0,0.0
1995,241,8,22.64,77.343,2.493,0.0,0.0
1995,241,9,22.0,78.696,2.318,0.0,0.0
1995,241,10,21.36,80.047,2.403,0.0,0.0
1995,241,11,21.12,79.922,2.002,0.0,0.0
1995,241,12,20.88,79.775,1.717,0.0,0.0
1995,241,13,20.63,79.654,1.625,0.0,20.48
1995,241,14,22.59,78.983,1.592,0.0,186.144
1995,241,15,24.54,77.614,1.578,0.0,344.791
1995,241,16,26.5,75.648,1.586,0.0,529.061
1995,241,17,28.37,67.749,1.963,0.0,692.629
1995,241,18,30.25,60.734,2.51,0.0,813.184
1995,241,19,32.12,54.554,3.136,0.0,863.523
1995,241,20,32.57,51.305,3.393,0.0,838.468
1995,241,21,33.02,48.19,3.66,0.0,790.459
1995,241,22,33.47,45.203,3.917,0.0,695.562
1995,241,23,32.52,49.672,3.481,0.0,523.249
1995,241,24,31.56,54.545,3.064,0.0,323.425
1995,242,1,30.6,59.828,2.687,0.0,92.48
1995,242,2,28.63,61.959,2.989,0.0,0.0
1995,242,3,26.65,63.871,3.284,0.0,0.0
1995,242,4,24.68,65.382,3.591,0.0,0.0
1995,242,5,23.79,67.656,3.482,0.0,0.0
1995,242,6,22.9,70.007,3.385,0.0,0.0
1995,242,7,22.01,72.434,3.302,0.0,0.0
1995,242,8,21.34,74.476,3.29,0.0,0.0
1995,242,9,20.67,76.579,3.29,0.0,0.0
1995,242,10,19.99,78.794,3.292,0.0,0.0
1995,242,11,19.55,80.361,3.178,0.0,0.0
1995,242,12,19.1,82.009,3.067,0.0,0.0
1995,242,13,18.65,83.695,2.971,0.0,17.88
1995,242,14,21.34,80.003,2.983,0.0,180.304
1995,242,15,24.03,75.71,3.09,0.0,335.77
1995,242,16,26.71,71.159,3.305,0.0,518.815
1995,242,17,28.7,66.151,3.985,0.0,679.664
1995,242,18,30.69,61.485,4.698,0.0,798.11
1995,242,19,32.67,57.18,5.411,0.0,851.207
1995,242,20,33.19,54.024,5.582,0.0,826.207
1995,242,21,33.71,51.009,5.749,0.0,778.384
1995,242,22,34.22,48.156,5.919,0.0,683.492
1995,242,23,33.32,52.401,4.88,0.0,513.12
1995,242,24,32.42,56.972,3.84,0.0,315.761
1995,243,1,31.51,61.93,2.817,0.0,84.224
1995,243,2,29.71,64.822,3.212,0.0,0.0
1995,243,3,27.91,67.697,3.64,0.0,0.0
1995,243,4,26.11,70.505,4.1,0.0,0.0
1995,243,5,25.48,72.186,3.84,0.0,0.0
1995,243,6,24.85,73.903,3.591,0.0,0.0
1995,243,7,24.21,75.705,3.343,0.0,0.0
1995,243,8,23.83,77.481,3.294,0.0,0.0
1995,243,9,23.44,79.348,3.254,0.0,0.0
1995,243,10,23.05,81.268,3.222,0.0,0.0
1995,243,11,22.89,82.492,2.962,0.0,0.0
1995,243,12,22.73,83.737,2.714,0.0,0.0
1995,243,13,22.57,84.995,2.461,1.723,11.456
1995,243,14,24.19,82.603,1.951,0.0,130.064
1995,243,15,25.81,80.011,1.436,0.0,243.555
1995,243,16,27.44,77.24,0.935,0.0,443.882
1995,243,17,29.36,68.811,1.87,0.0,581.898
1995,243,18,31.29,61.36,2.843,0.128,683.449
1995,243,19,33.21,54.831,3.832,0.53,816.256
1995,243,20,33.58,51.827,2.316,0.252,792.006
1995,243,21,33.95,48.925,0.876,0.114,745.654
1995,243,22,34.32,46.122,0.975,0.0,617.43
1995,243,23,33.31,50.459,1.318,0.0,462.549
1995,243,24,32.29,55.195,1.855,0.0,283.362
1995,244,1,31.28,60.304,2.462,0.0,81.192
1995,244,2,29.27,65.95,2.865,0.0,0.0
1995,244,3,27.26,72.194,3.255,0.0,0.0
1995,244,4,25.25,79.106,3.658,0.0,0.0
1995,244,5,24.54,81.373,3.412,0.0,0.0
1995,244,6,23.84,83.658,3.188,0.0,0.0
1995,244,7,23.14,86.005,3.0,0.0,0.0
1995,244,8,22.61,87.739,2.943,0.055,0.0
1995,244,9,22.07,89.561,2.935,0.0,0.0
1995,244,10,21.54,91.362,2.976,0.0,0.0
1995,244,11,21.08,92.615,2.884,0.0,0.0
1995,244,12,20.62,93.875,2.793,0.0,0.0
1995,244,13,20.16,95.14,2.715,0.0,9.888
1995,244,14,21.78,90.6,2.978,0.009,128.912
1995,244,15,23.39,86.227,3.258,0.003,242.763
1995,244,16,25.01,81.93,3.526,0.002,331.143
1995,244,17,26.05,78.518,3.984,0.008,431.83
1995,244,18,27.09,75.254,4.477,0.001,523.108
1995,244,19,28.13,72.135,4.983,0.0,520.62
1995,244,20,28.5,70.355,4.685,0.003,522.767
1995,244,21,28.86,68.663,4.397,0.0,493.742
1995,244,22,29.22,67.014,4.11,0.0,569.802
1995,244,23,28.88,68.136,3.744,0.0,417.876
1995,244,24,28.54,69.278,3.439,0.0,279.24
1995,245,1,28.21,70.402,3.197,0.0,82.624
1995,245,2,26.45,74.732,3.284,0.0,0.0
1995,245,3,24.7,79.226,3.401,0.0,0.0
1995,245,4,22.95,83.916,3.546,0.0,0.0
1995,245,5,22.28,85.099,3.228,0.0,0.0
1995,245,6,21.6,86.308,2.911,0.0,0.0
1995,245,7,20.93,87.428,2.596,0.0,0.0
1995,245,8,20.36,88.42,2.758,0.0,0.0
1995,245,9,19.79,89.389,2.932,0.0,0.0
1995,245,10,19.22,90.327,3.11,0.0,0.0
1995,245,11,18.78,91.134,3.017,0.0,0.0
1995,245,12,18.34,91.918,2.976,0.0,0.0
1995,245,13,17.89,92.743,2.983,0.0,10.88
1995,245,14,20.26,86.606,2.684,0.0,167.216
1995,245,15,22.62,80.66,2.634,0.0,316.686
1995,245,16,24.98,74.931,2.836,0.0,338.235
1995,245,17,26.53,70.95,3.423,0.0,441.381
1995,245,18,28.07,67.2,4.1,0.0,534.785
1995,245,19,29.62,63.593,4.827,0.0,652.315
1995,245,20,30.37,61.235,4.508,0.0,654.773
1995,245,21,31.13,58.942,4.192,0.0,617.976
1995,245,22,31.88,56.779,3.89,0.0,304.953
1995,245,23,30.91,60.91,3.639,0.0,223.163
1995,245,24,29.94,65.351,3.409,0.0,148.406
1995,246,1,28.97,70.128,3.203,0.0,39.68
1995,246,2,27.82,73.213,3.238,0.0,0.0
1995,246,3,26.66,76.477,3.332,0.0,0.0
1995,246,4,25.51,79.839,3.464,0.0,0.0
1995,246,5,24.95,81.875,3.364,0.0,0.0
1995,246,6,24.4,83.919,3.289,0.0,0.0
1995,246,7,23.85,86.017,3.228,0.0,0.0
1995,246,8,23.29,86.736,3.158,0.0,0.0
1995,246,9,22.74,87.36,3.095,0.0,0.0
1995,246,10,22.18,87.992,3.033,0.0,0.0
1995,246,11,21.81,88.352,2.956,0.0,0.0
1995,246,12,21.44,88.688,2.973,0.0,0.0
1995,246,13,21.06,89.053,3.071,0.0,6.96
1995,246,14,22.95,83.159,3.467,0.0,130.952
1995,246,15,24.84,77.613,4.023,0.0,249.465
1995,246,16,26.73,72.41,4.682,0.0,447.3
1995,246,17,28.48,66.761,4.809,0.0,584.102
1995,246,18,30.23,61.606,4.926,0.0,707.842
1995,246,19,31.97,56.929,5.057,0.0,773.738
1995,246,20,32.58,55.452,4.933,0.0,776.348
1995,246,21,33.18,54.047,4.825,0.0,732.186
1995,246,22,33.78,52.681,4.72,0.0,627.692
1995,246,23,33.08,56.571,3.919,0.0,458.297
1995,246,24,32.39,60.665,3.197,0.0,303.264
1995,247,1,31.7,65.005,2.62,0.0,76.248
1995,247,2,29.57,69.84,2.891,0.0,0.0
1995,247,3,27.44,74.97,3.21,0.0,0.0
1995,247,4,25.31,80.384,3.571,0.0,0.0
1995,247,5,24.45,82.549,3.295,0.0,0.0
1995,247,6,23.58,84.794,3.128,0.0,0.0
1995,247,7,22.71,87.072,3.071,0.0,0.0
1995,247,8,22.11,87.873,3.041,0.0,0.0
1995,247,9,21.5,88.686,3.028,0.0,0.0
1995,247,10,20.89,89.448,3.021,0.0,0.0
1995,247,11,20.38,89.948,2.876,0.0,0.0
1995,247,12,19.87,90.397,2.742,0.0,0.0
1995,247,13,19.36,90.789,2.63,0.0,6.72
1995,247,14,21.48,85.248,2.125,0.0,164.168
1995,247,15,23.6,79.86,1.673,0.0,314.583
1995,247,16,25.72,74.677,1.33,0.0,475.59
1995,247,17,27.48,70.106,1.933,0.0,621.467
1995,247,18,29.24,65.799,2.559,0.0,753.261
1995,247,19,31.0,61.744,3.195,0.0,796.276
1995,247,20,31.75,59.108,2.811,0.0,798.655
1995,247,21,32.5,56.597,2.494,0.0,752.663
1995,247,22,33.24,54.235,2.278,0.0,633.584
1995,247,23,32.49,57.929,2.226,0.0,461.529
1995,247,24,31.73,61.887,2.183,0.0,303.84
1995,248,1,30.97,66.097,2.139,0.0,69.056
1995,248,2,28.96,70.091,2.67,0.0,0.0
1995,248,3,26.95,74.186,3.205,0.0,0.0
1995,248,4,24.94,78.34,3.741,0.0,0.0
1995,248,5,24.09,80.827,3.612,0.0,0.0
1995,248,6,23.24,83.384,3.493,0.0,0.0
1995,248,7,22.39,86.012,3.375,0.0,0.0
1995,248,8,21.82,87.257,3.27,0.0,0.0
1995,248,9,21.26,88.438,3.189,0.0,0.0
1995,248,10,20.69,89.663,3.117,0.0,0.0
1995,248,11,20.26,90.592,3.064,0.0,0.0
1995,248,12,19.84,91.457,3.016,0.0,0.0
1995,248,13,19.42,92.312,2.976,0.0,4.6
1995,248,14,21.4,85.747,3.382,0.0,161.928
1995,248,15,23.39,79.568,4.062,0.0,312.157
1995,248,16,25.38,73.813,4.895,0.0,472.413
1995,248,17,26.74,69.772,4.942,0.0,617.734
1995,248,18,28.11,65.93,5.015,0.0,748.883
1995,248,19,29.47,62.351,5.099,0.0,792.686
1995,248,20,30.03,60.658,5.336,0.0,794.73
1995,248,21,30.58,59.048,5.58,0.0,748.396
1995,248,22,31.13,57.487,5.823,0.0,628.489
1995,248,23,30.44,60.264,5.162,0.0,456.723
1995,248,24,29.74,63.222,4.498,0.0,299.104
1995,249,1,29.05,66.295,3.83,0.0,68.024
1995,249,2,27.16,71.326,3.705,0.0,0.0
1995,249,3,25.27,76.748,3.655,0.0,0.0
1995,249,4,23.38,82.586,3.692,0.0,0.0
1995,249,5,22.59,84.622,3.487,0.0,0.0
1995,249,6,21.8,86.678,3.34,0.0,0.0
1995,249,7,21.01,88.755,3.26,0.0,0.0
1995,249,8,20.53,89.782,3.255,0.0,0.0
1995,249,9,20.05,90.8,3.262,0.0,0.0
1995,249,10,19.57,91.809,3.27,0.0,0.0
1995,249,11,19.25,92.034,3.148,0.0,0.0
1995,249,12,18.92,92.288,3.045,0.0,0.0
1995,249,13,18.6,92.462,2.953,0.0,2.224
1995,249,14,20.81,84.136,3.566,0.0,143.176
1995,249,15,23.01,76.644,4.21,0.0,277.732
1995,249,16,25.22,69.816,4.874,0.0,351.417
1995,249,17,26.49,66.864,5.503,0.0,459.841
1995,249,18,27.76,64.016,6.136,0.052,557.572
1995,249,19,29.03,61.271,6.79,0.0,516.248
1995,249,20,29.41,60.896,6.537,0.0,517.342
1995,249,21,29.79,60.511,6.305,0.0,486.809
1995,249,22,30.17,60.117,6.076,0.0,352.861
1995,249,23,29.57,63.581,4.905,0.0,255.806
1995,249,24,28.96,67.262,3.778,0.0,166.608
1995,250,1,28.36,71.094,2.727,0.0,61.456
1995,250,2,26.79,74.209,2.862,0.0,0.0
1995,250,3,25.23,77.295,2.987,0.0,0.0
1995,250,4,23.67,80.362,3.127,0.0,0.0
1995,250,5,23.06,81.985,3.137,0.0,0.0
1995,250,6,22.46,83.577,3.184,0.0,0.0
1995,250,7,21.86,85.189,3.258,0.0,0.0
1995,250,8,21.78,85.025,2.632,0.0,0.0
1995,250,9,21.71,84.805,2.046,0.0,0.0
1995,250,10,21.63,84.635,1.566,0.027,0.0
1995,250,11,21.59,85.073,0.429,0.105,0.0
1995,250,12,21.56,85.457,0.742,0.477,0.0
1995,250,13,21.52,85.896,1.886,0.457,0.32
1995,250,14,22.41,83.504,3.11,0.0,138.248
1995,250,15,23.31,81.107,4.687,0.0,269.86
1995,250,16,24.21,78.759,6.364,0.0,448.56
1995,250,17,24.76,73.464,6.646,0.0,587.36
1995,250,18,25.31,68.436,6.966,0.0,712.305
1995,250,19,25.86,63.66,7.326,0.0,766.41
1995,250,20,25.58,62.111,7.355,0.0,767.745
1995,250,21,25.29,60.528,7.384,0.0,721.876
1995,250,22,25.01,58.839,7.412,0.0,535.695
1995,250,23,23.72,61.959,7.192,0.0,387.383
1995,250,24,22.44,65.207,6.982,0.0,250.912
1995,251,1,21.16,68.626,6.805,0.0,76.432
1995,251,2,19.52,73.642,6.398,0.0,0.0
1995,251,3,17.88,79.043,5.985,0.0,0.0
1995,251,4,16.24,84.854,5.582,0.0,0.0
1995,251,5,15.69,87.17,5.09,0.0,0.0
1995,251,6,15.14,89.555,4.589,0.0,0.0
1995,251,7,14.59,92.009,4.096,0.0,0.0
1995,251,8,14.4,92.13,4.146,0.0,0.0
1995,251,9,14.21,92.236,4.21,0.0,0.0
1995,251,10,14.02,92.335,4.264,0.0,0.0
1995,251,11,13.88,92.516,3.88,0.0,0.0
1995,251,12,13.74,92.697,3.521,0.0,0.0
1995,251,13,13.6,92.874,3.217,0.0,0.0
1995,251,14,14.48,87.902,3.65,0.0,110.896
1995,251,15,15.35,83.277,4.174,0.0,217.848
1995,251,16,16.22,78.926,4.753,0.0,306.229
1995,251,17,17.17,74.832,4.648,0.0,401.265
1995,251,18,18.12,70.978,4.56,0.0,486.738
1995,251,19,19.08,67.308,4.471,0.0,514.836
1995,251,20,19.39,66.294,4.387,0.0,515.493
1995,251,21,19.71,65.256,4.362,0.0,484.296
1995,251,22,20.03,64.238,4.396,0.0,420.256
1995,251,23,19.55,66.185,4.038,0.0,303.143
1995,251,24,19.08,68.159,3.69,0.0,195.2
1995,252,1,18.6,70.241,3.339,0.0,62.368
1995,252,2,17.75,74.562,2.956,0.0,0.0
1995,252,3,16.89,79.22,2.606,0.0,0.0
1995,252,4,16.03,84.2,2.285,0.0,0.0
1995,252,5,15.81,85.288,2.245,0.0,0.0
1995,252,6,15.6,86.336,2.212,0.0,0.0
1995,252,7,15.38,87.455,2.188,0.0,0.0
1995,252,8,15.15,88.497,2.152,0.0,0.0
1995,252,9,14.92,89.55,2.11,0.0,0.0
1995,252,10,14.69,90.623,2.075,0.0,0.0
1995,252,11,14.54,91.01,1.934,0.0,0.0
1995,252,12,14.38,91.456,1.918,0.0,0.0
1995,252,13,14.22,91.901,2.01,0.0,0.0
1995,252,14,15.39,86.521,2.686,0.0,116.32
1995,252,15,16.55,81.54,3.355,0.0,230.007
1995,252,16,17.72,76.835,4.035,0.0,343.866
1995,252,17,18.67,72.036,4.016,0.0,450.897
1995,252,18,19.63,67.521,4.052,0.0,547.032
1995,252,19,20.59,63.314,4.137,0.0,569.56
1995,252,20,20.9,62.597,3.922,0.0,570.036
1995,252,21,21.21,61.889,3.705,0.0,535.121
1995,252,22,21.53,61.148,3.508,0.0,468.038
1995,252,23,21.21,62.732,3.304,0.0,336.732
1995,252,24,20.89,64.359,3.111,0.0,215.552
1995,253,1,20.58,65.99,2.936,0.0,70.416
1995,253,2,19.46,68.669,2.931,0.0,0.0
1995,253,3,18.35,71.389,2.95,0.0,0.0
1995,253,4,17.24,74.187,2.973,0.0,0.0
1995,253,5,16.91,75.678,2.789,0.0,0.0
1995,253,6,16.58,77.201,2.618,0.0,0.0
1995,253,7,16.25,78.762,2.463,0.0,0.0
1995,253,8,15.97,79.86,2.284,0.0,0.0
1995,253,9,15.68,81.027,2.099,0.0,0.0
1995,253,10,15.39,82.213,1.932,0.0,0.0
1995,253,11,14.98,83.468,2.074,0.0,0.0
1995,253,12,14.57,84.741,2.236,0.0,0.0
1995,253,13,14.17,85.974,2.388,0.0,0.0
1995,253,14,15.99,79.035,2.042,0.0,152.28
1995,253,15,17.82,72.657,1.732,0.0,303.105
1995,253,16,19.64,66.877,1.513,0.0,382.06
1995,253,17,20.41,62.149,1.499,0.0,501.351
1995,253,18,21.18,57.732,1.598,0.0,608.335
1995,253,19,21.94,53.642,1.799,0.0,591.516
1995,253,20,22.25,53.033,1.91,0.0,591.738
1995,253,21,22.55,52.462,2.053,0.0,555.029
1995,253,22,22.86,51.864,2.222,0.0,476.476
1995,253,23,22.5,55.261,2.13,0.0,341.898
1995,253,24,22.13,58.818,2.053,0.0,217.52
1995,254,1,21.77,62.472,1.994,0.0,67.312
1995,254,2,20.15,65.229,2.526,0.0,0.0
1995,254,3,18.52,68.001,3.068,0.0,0.0
1995,254,4,16.9,70.657,3.628,0.0,0.0
1995,254,5,16.19,73.924,3.392,0.0,0.0
1995,254,6,15.49,77.313,3.16,0.0,0.0
1995,254,7,14.78,80.927,2.921,0.0,0.0
1995,254,8,14.31,82.973,2.683,0.0,0.0
1995,254,9,13.83,85.13,2.45,0.0,0.0
1995,254,10,13.36,87.296,2.21,0.0,0.0
1995,254,11,13.28,87.637,2.244,0.039,0.0
1995,254,12,13.2,87.979,2.281,0.0,0.0
1995,254,13,13.12,88.323,2.326,0.068,0.0
1995,254,14,14.65,86.114,1.81,0.0,73.856
1995,254,15,16.17,83.68,1.913,0.0,148.012
1995,254,16,17.7,80.992,2.551,0.005,127.535
1995,254,17,18.41,82.145,2.64,0.0,167.469
1995,254,18,19.12,83.055,2.799,0.0,203.247
1995,254,19,19.83,83.749,3.0,0.0,290.474
1995,254,20,20.31,81.57,2.882,0.018,290.445
1995,254,21,20.79,79.452,2.82,0.0,272.198
1995,254,22,21.28,77.352,2.797,0.0,298.119
1995,254,23,21.09,78.35,2.991,0.0,213.334
1995,254,24,20.9,79.361,3.199,0.0,134.88
1995,255,1,20.71,80.39,3.412,0.0,31.88
1995,255,2,20.1,82.821,3.364,0.021,0.0
1995,255,3,19.49,85.334,3.351,0.192,0.0
1995,255,4,18.88,87.936,3.393,0.18,0.0
1995,255,5,18.66,89.74,3.307,0.777,0.0
1995,255,6,18.45,91.523,3.233,1.534,0.0
1995,255,7,18.23,93.402,3.159,0.554,0.0
1995,255,8,18.15,94.122,2.908,0.299,0.0
1995,255,9,18.07,94.848,2.669,0.506,0.0
1995,255,10,17.99,95.577,2.422,1.301,0.0
1995,255,11,17.85,96.042,2.361,1.421,0.0
1995,255,12,17.7,96.572,2.303,1.205,0.0
1995,255,13,17.55,97.102,2.253,0.509,0.0
1995,255,14,19.03,92.789,2.782,0.157,126.032
1995,255,15,20.5,88.624,3.512,0.097,254.349
1995,255,16,21.98,84.515,4.334,0.069,392.173
1995,255,17,23.48,79.246,3.857,0.084,515.356
1995,255,18,24.99,74.287,3.394,0.085,625.58
1995,255,19,26.49,69.702,2.917,0.066,741.077
1995,255,20,27.32,65.797,3.435,0.032,740.683
1995,255,21,28.14,62.161,3.994,0.023,693.557
1995,255,22,28.97,58.705,4.583,0.0,601.706
1995,255,23,28.09,62.568,4.013,0.0,429.401
1995,255,24,27.21,66.698,3.472,0.0,269.712
1995,256,1,26.33,71.111,2.944,0.018,42.384
1995,256,2,24.67,74.74,3.212,0.0,0.0
1995,256,3,23.02,78.398,3.502,0.0,0.0
1995,256,4,21.36,82.155,3.783,0.0,0.0
1995,256,5,20.8,84.835,3.65,0.0,0.0
1995,256,6,20.25,87.56,3.517,0.0,0.0
1995,256,7,19.69,90.442,3.395,0.0,0.0
1995,256,8,19.36,91.415,3.354,0.0,0.0
1995,256,9,19.02,92.449,3.305,0.0,0.0
1995,256,10,18.69,93.436,3.26,0.0,0.0
1995,256,11,18.3,94.339,3.206,0.0,0.0
1995,256,12,17.91,95.238,3.159,0.0,0.0
1995,256,13,17.52,96.13,3.109,0.0,0.0
1995,256,14,19.32,91.49,3.189,0.0,146.36
1995,256,15,21.13,86.825,3.387,0.0,297.497
1995,256,16,22.94,82.245,3.666,0.0,459.669
1995,256,17,24.86,73.344,3.15,0.0,604.479
1995,256,18,26.78,65.511,2.713,0.0,733.901
1995,256,19,28.71,58.576,2.405,0.0,776.086
1995,256,20,29.23,53.075,2.37,0.0,775.31
1995,256,21,29.76,47.824,2.355,0.0,725.351
1995,256,22,30.29,42.845,2.341,0.0,598.273
1995,256,23,29.44,46.835,1.911,0.0,425.738
1995,256,24,28.6,51.102,1.493,0.0,265.616
1995,257,1,27.76,55.693,1.07,0.0,44.568
1995,257,2,26.62,56.322,0.608,0.0,0.0
1995,257,3,25.48,56.801,0.57,0.0,0.0
1995,257,4,24.35,57.065,1.013,0.0,0.0
1995,257,5,23.59,59.743,0.696,0.0,0.0
1995,257,6,22.83,62.562,0.395,0.0,0.0
1995,257,7,22.07,65.533,0.16,0.0,0.0
1995,257,8,21.5,67.335,0.136,0.0,0.0
1995,257,9,20.92,69.234,0.284,0.0,0.0
1995,257,10,20.34,71.192,0.451,0.0,0.0
1995,257,11,19.77,72.952,0.614,0.0,0.0
1995,257,12,19.2,74.752,0.813,0.0,0.0
1995,257,13,18.62,76.648,1.039,0.0,0.0
1995,257,14,20.38,76.279,1.275,0.0,145.776
1995,257,15,22.14,75.267,1.521,0.0,298.464
1995,257,16,23.9,73.76,1.76,0.0,439.436
1995,257,17,25.46,67.428,2.06,0.0,578.293
1995,257,18,27.03,61.667,2.784,0.0,702.232
1995,257,19,28.59,56.492,3.682,0.0,736.07
1995,257,20,28.96,53.444,3.718,0.0,734.972
1995,257,21,29.34,50.477,3.774,0.0,687.01
1995,257,22,29.71,47.642,3.832,0.0,574.215
1995,257,23,28.68,52.126,3.396,0.0,407.445
1995,257,24,27.66,56.97,2.981,0.0,252.448
1995,258,1,26.63,62.275,2.601,0.0,62.592
1995,258,2,24.98,64.793,2.715,0.0,0.0
1995,258,3,23.33,67.246,2.924,0.0,0.0
1995,258,4,21.68,69.581,3.212,0.0,0.0
1995,258,5,20.86,73.255,3.269,0.0,0.0
1995,258,6,20.04,77.145,3.372,0.0,0.0
1995,258,7,19.22,81.267,3.496,0.0,0.0
1995,258,8,18.67,83.708,3.358,0.0,0.0
1995,258,9,18.12,86.232,3.211,0.0,0.0
1995,258,10,17.57,88.845,3.074,0.0,0.0
1995,258,11,17.21,89.971,3.002,0.0,0.0
1995,258,12,16.85,91.112,2.953,0.206,0.0
1995,258,13,16.49,92.264,2.928,0.029,0.0
1995,258,14,18.71,86.638,2.488,0.0,130.776
1995,258,15,20.93,81.093,2.4,0.011,269.776
1995,258,16,23.15,75.711,2.709,0.025,309.507
1995,258,17,24.48,72.694,3.119,0.024,407.61
1995,258,18,25.81,69.747,3.81,0.021,495.067
1995,258,19,27.14,66.878,4.667,0.022,468.516
1995,258,20,27.05,67.848,4.98,0.018,467.585
1995,258,21,26.96,68.826,5.296,0.006,436.696
1995,258,22,26.87,69.811,5.624,0.068,401.756
1995,258,23,26.31,71.363,4.848,0.05,284.234
1995,258,24,25.75,72.953,4.073,0.066,174.864
1995,259,1,25.19,74.579,3.301,0.111,39.768
1995,259,2,23.96,78.832,3.104,0.112,0.0
1995,259,3,22.74,83.302,2.92,0.056,0.0
1995,259,4,21.51,88.107,2.724,0.016,0.0
1995,259,5,21.39,89.82,2.342,0.02,0.0
1995,259,6,21.27,91.551,1.991,0.022,0.0
1995,259,7,21.15,93.303,1.691,0.026,0.0
1995,259,8,21.06,93.518,1.475,0.006,0.0
1995,259,9,20.97,93.732,1.353,0.019,0.0
1995,259,10,20.88,93.946,1.338,0.052,0.0
1995,259,11,20.72,93.944,1.499,0.054,0.0
1995,259,12,20.57,93.874,1.69,0.064,0.0
1995,259,13,20.41,93.853,1.919,0.024,0.0
1995,259,14,21.21,91.256,2.021,0.0,62.688
1995,259,15,22.0,88.772,2.165,0.0,130.304
1995,259,16,22.79,86.343,2.336,0.0,325.801
1995,259,17,24.16,78.827,2.61,0.0,429.408
1995,259,18,25.53,72.021,2.923,0.0,521.631
1995,259,19,26.89,65.891,3.248,0.0,692.412
1995,259,20,27.6,63.759,3.197,0.0,690.704
1995,259,21,28.31,61.703,3.185,0.0,644.473
1995,259,22,29.02,59.721,3.21,0.0,532.722
1995,259,23,28.29,64.402,2.821,0.0,375.762
1995,259,24,27.56,69.393,2.486,0.0,229.472
1995,260,1,26.83,74.715,2.196,0.0,40.08
1995,260,2,25.91,77.341,2.22,0.0,0.0
1995,260,3,24.98,80.102,2.252,0.0,0.0
1995,260,4,24.06,82.906,2.296,0.0,0.0
1995,260,5,23.4,85.089,2.36,0.0,0.0
1995,260,6,22.75,87.277,2.416,0.0,0.0
1995,260,7,22.1,89.516,2.479,0.0,0.0
1995,260,8,21.76,89.427,2.244,0.0,0.0
1995,260,9,21.42,89.298,2.053,0.0,0.0
1995,260,10,21.08,89.129,1.906,0.0,0.0
1995,260,11,20.68,89.555,1.01,0.0,0.0
1995,260,12,20.27,90.012,0.27,0.0,0.0
1995,260,13,19.87,90.379,0.894,0.0,0.0
1995,260,14,20.76,86.581,2.333,0.0,136.08
1995,260,15,21.64,83.013,3.784,0.0,285.12
1995,260,16,22.53,79.56,5.238,0.0,451.053
1995,260,17,23.97,73.542,4.624,0.0,594.943
1995,260,18,25.4,68.079,4.197,0.0,722.864
1995,260,19,26.83,63.074,3.998,0.0,762.698
1995,260,20,27.28,59.988,3.969,0.0,760.441
1995,260,21,27.72,57.06,3.997,0.0,708.911
1995,260,22,28.17,54.217,4.057,0.0,579.839
1995,260,23,26.91,58.366,3.535,0.0,407.744
1995,260,24,25.66,62.838,3.106,0.0,247.12
1995,261,1,24.41,67.699,2.789,0.0,30.6
1995,261,2,22.5,70.834,3.086,0.0,0.0
1995,261,3,20.59,73.836,3.467,0.0,0.0
1995,261,4,18.69,76.566,3.899,0.0,0.0
1995,261,5,17.52,79.766,3.705,0.0,0.0
1995,261,6,16.35,83.059,3.536,0.0,0.0
1995,261,7,15.18,86.448,3.412,0.0,0.0
1995,261,8,14.53,87.766,3.304,0.0,0.0
1995,261,9,13.87,89.117,3.207,0.0,0.0
1995,261,10,13.22,90.379,3.11,0.0,0.0
1995,261,11,12.75,91.161,3.088,0.0,0.0
1995,261,12,12.28,91.909,3.066,0.0,0.0
1995,261,13,11.8,92.688,3.044,0.0,0.0
1995,261,14,14.51,86.654,2.406,0.0,139.024
1995,261,15,17.22,80.434,1.961,0.0,293.632
1995,261,16,19.93,74.266,1.835,0.0,449.965
1995,261,17,22.37,69.455,1.472,0.0,593.958
1995,261,18,24.8,64.748,2.821,0.0,721.807
1995,261,19,27.24,60.147,4.56,0.118,526.272
1995,261,20,27.57,59.772,4.922,0.06,524.462
1995,261,21,27.91,59.357,5.299,0.0,488.461
1995,261,22,28.24,58.973,5.698,0.076,417.922
1995,261,23,27.36,62.506,5.71,0.064,292.958
1995,261,24,26.48,66.267,5.719,0.064,176.176
1995,262,1,25.61,70.233,5.752,0.537,27.408
1995,262,2,24.44,73.562,5.06,0.183,0.0
1995,262,3,23.27,77.049,4.38,0.003,0.0
1995,262,4,22.1,80.694,3.735,0.028,0.0
1995,262,5,21.47,82.305,3.687,0.003,0.0
1995,262,6,20.85,83.883,3.653,0.003,0.0
1995,262,7,20.23,85.479,3.617,0.003,0.0
1995,262,8,20.14,86.067,4.059,0.076,0.0
1995,262,9,20.06,86.604,4.514,0.18,0.0
1995,262,10,19.98,87.147,4.964,0.124,0.0
1995,262,11,19.6,88.259,4.496,0.177,0.0
1995,262,12,19.21,89.438,4.03,0.075,0.0
1995,262,13,18.83,90.57,3.57,0.036,0.0
1995,262,14,20.07,88.351,3.11,0.407,73.56
1995,262,15,21.3,86.078,3.514,3.058,156.656
1995,262,16,22.53,83.72,4.552,1.117,157.192
1995,262,17,22.87,79.854,3.781,1.985,207.66
1995,262,18,23.21,76.111,3.945,0.715,252.417
1995,262,19,23.55,72.489,4.974,0.669,475.714
1995,262,20,23.57,71.638,5.17,0.439,473.824
1995,262,21,23.59,70.789,5.611,0.062,440.9
1995,262,22,23.61,69.942,6.232,0.074,400.339
1995,262,23,22.04,73.158,6.324,0.173,279.745
1995,262,24,20.47,76.396,6.426,0.079,166.864
1995,263,1,18.9,79.62,6.519,0.0,20.176
1995,263,2,17.84,81.946,6.395,0.045,0.0
1995,263,3,16.79,84.202,6.26,0.0,0.0
1995,263,4,15.73,86.471,6.136,0.0,0.0
1995,263,5,15.27,87.317,5.741,0.0,0.0
1995,263,6,14.81,88.145,5.36,0.108,0.0
1995,263,7,14.35,88.949,4.975,0.0,0.0
1995,263,8,14.11,88.456,4.465,0.0,0.0
1995,263,9,13.86,87.984,3.961,0.0,0.0
1995,263,10,13.62,87.418,3.465,0.0,0.0
1995,263,11,13.33,88.141,3.511,0.0,0.0
1995,263,12,13.05,88.803,3.553,0.0,0.0
1995,263,13,12.77,89.46,3.603,0.0,0.0
1995,263,14,13.2,85.314,3.57,0.0,78.784
1995,263,15,13.64,81.283,3.796,0.0,169.232
1995,263,16,14.08,77.421,4.257,0.0,264.971
1995,263,17,14.19,80.12,3.253,0.0,350.335
1995,263,18,14.31,82.725,2.249,0.0,425.899
1995,263,19,14.42,85.337,1.246,1.782,384.202
1995,263,20,15.14,81.547,2.162,0.0,382.487
1995,263,21,15.87,77.889,3.086,0.0,355.57
1995,263,22,16.59,74.466,4.016,0.0,516.347
1995,263,23,16.32,74.723,3.845,0.0,359.635
1995,263,24,16.04,75.015,3.687,0.0,212.752
1995,264,1,15.76,75.294,3.53,0.0,26.576
1995,264,2,14.68,78.337,3.973,0.0,0.0
1995,264,3,13.59,81.527,4.44,0.0,0.0
1995,264,4,12.51,84.756,4.912,0.0,0.0
1995,264,5,11.92,86.493,5.424,0.046,0.0
1995,264,6,11.33,88.247,5.937,0.0,0.0
1995,264,7,10.74,90.024,6.451,0.0,0.0
1995,264,8,10.39,90.624,6.296,0.064,0.0
1995,264,9,10.04,91.207,6.181,0.039,0.0
1995,264,10,9.69,91.772,6.11,0.065,0.0
1995,264,11,9.29,91.609,6.388,0.0,0.0
1995,264,12,8.9,91.31,6.672,0.04,0.0
1995,264,13,8.5,91.002,6.947,0.074,0.0
1995,264,14,8.17,90.897,6.983,0.159,34.688
1995,264,15,7.85,90.686,7.036,0.33,75.168
1995,264,16,7.52,90.486,7.116,0.624,94.364
1995,264,17,7.77,90.181,7.041,0.801,124.869
1995,264,18,8.02,89.861,7.012,0.88,151.83
1995,264,19,8.26,89.596,7.02,0.22,204.548
1995,264,20,8.55,87.745,7.089,1.237,203.534
1995,264,21,8.84,85.936,7.17,0.11,189.029
1995,264,22,9.13,84.161,7.271,0.038,169.94
1995,264,23,9.04,81.555,6.592,0.028,117.97
1995,264,24,8.95,78.913,5.914,0.007,69.184
1995,265,1,8.86,76.233,5.246,0.004,20.936
1995,265,2,7.49,78.932,4.61,0.0,0.0
1995,265,3,6.12,81.507,3.996,0.0,0.0
1995,265,4,4.75,83.897,3.426,0.0,0.0
1995,265,5,4.59,84.677,3.229,0.04,0.0
1995,265,6,4.44,85.405,3.095,0.0,0.0
1995,265,7,4.28,86.2,3.031,0.0,0.0
1995,265,8,4.57,83.678,3.157,0.0,0.0
1995,265,9,4.85,81.291,3.335,0.0,0.0
1995,265,10,5.13,78.961,3.538,0.0,0.0
1995,265,11,4.18,79.873,3.481,0.0,0.0
1995,265,12,3.23,80.577,3.48,0.0,0.0
1995,265,13,2.27,81.091,3.533,0.0,0.0
1995,265,14,4.05,73.588,3.647,0.0,136.768
1995,265,15,5.83,66.847,3.78,0.0,299.056
1995,265,16,7.6,60.832,3.922,0.045,463.568
1995,265,17,8.52,55.974,3.538,0.0,613.905
1995,265,18,9.44,51.508,3.202,0.0,746.652
1995,265,19,10.35,47.431,2.92,0.224,785.314
1995,265,20,10.87,47.089,2.579,0.99,780.992
1995,265,21,11.38,46.753,2.33,0.0,724.636
1995,265,22,11.9,46.362,2.202,0.148,577.518
1995,265,23,11.18,49.177,1.416,0.0,399.553
1995,265,24,10.46,52.175,1.043,0.0,232.272
1995,266,1,9.74,55.354,1.464,0.0,20.264
1995,266,2,8.86,54.323,1.584,0.0,0.0
1995,266,3,7.98,52.971,1.732,0.0,0.0
1995,266,4,7.11,51.236,1.892,0.0,0.0
1995,266,5,6.46,54.101,1.855,0.0,0.0
1995,266,6,5.81,57.136,1.866,0.0,0.0
1995,266,7,5.16,60.358,1.91,0.0,0.0
1995,266,8,4.36,63.552,2.014,0.0,0.0
1995,266,9,3.55,66.986,2.116,0.0,0.0
1995,266,10,2.75,70.589,2.242,0.0,0.0
1995,266,11,2.13,72.999,2.377,0.0,0.0
1995,266,12,1.51,75.498,2.51,0.0,0.0
1995,266,13,0.89,78.102,2.66,0.0,0.0
1995,266,14,3.48,74.751,2.524,0.0,131.976
1995,266,15,6.07,70.581,2.41,0.0,291.264
1995,266,16,8.66,65.985,2.298,0.0,454.547
1995,266,17,10.64,58.949,2.853,0.0,602.452
1995,266,18,12.63,52.715,3.467,0.0,732.899
1995,266,19,14.61,47.247,4.109,0.0,771.094
1995,266,20,15.27,46.428,4.469,0.0,766.46
1995,266,21,15.92,45.634,4.852,0.0,710.463
1995,266,22,16.57,44.833,5.266,0.0,570.651
1995,266,23,15.33,49.357,4.614,0.0,393.447
1995,266,24,14.1,54.324,3.963,0.0,226.624
1995,267,1,12.86,59.862,3.313,0.0,15.144
1995,267,2,11.95,59.155,2.702,0.0,0.0
1995,267,3,11.04,58.154,2.317,0.0,0.0
1995,267,4,10.13,56.815,2.277,0.0,0.0
1995,267,5,8.95,61.819,2.52,0.0,0.0
1995,267,6,7.78,67.261,2.813,0.0,0.0
1995,267,7,6.61,73.239,3.134,0.0,0.0
1995,267,8,5.92,75.299,3.019,0.0,0.0
1995,267,9,5.23,77.403,2.923,0.0,0.0
1995,267,10,4.54,79.558,2.852,0.0,0.0
1995,267,11,4.54,78.803,2.384,0.0,0.0
1995,267,12,4.54,78.048,1.917,0.0,0.0
1995,267,13,4.55,77.236,1.452,0.0,0.0
1995,267,14,6.85,76.531,1.148,0.0,122.12
1995,267,15,9.15,74.571,0.971,0.0,272.112
1995,267,16,11.45,71.772,0.97,0.0,383.43
1995,267,17,13.64,64.354,0.519,0.0,508.634
1995,267,18,15.82,57.81,0.456,0.0,618.899
1995,267,19,18.01,51.964,0.86,0.0,690.028
1995,267,20,18.42,50.332,1.1,0.0,685.51
1995,267,21,18.83,48.752,1.394,0.0,634.796
1995,267,22,19.24,47.226,1.717,0.0,523.33
1995,267,23,18.16,51.695,1.953,0.0,359.563
1995,267,24,17.07,56.621,2.202,0.0,205.168
1995,268,1,15.99,61.985,2.459,0.0,15.112
1995,268,2,15.83,63.334,2.102,0.0,0.0
1995,268,3,15.68,64.663,1.967,0.0,0.0
1995,268,4,15.53,66.01,2.094,0.0,0.0
1995,268,5,15.32,67.771,1.865,0.0,0.0
1995,268,6,15.12,69.524,1.731,0.0,0.0
1995,268,7,14.92,71.313,1.706,0.0,0.0
1995,268,8,14.66,73.614,1.931,0.0,0.0
1995,268,9,14.4,75.977,2.157,0.0,0.0
1995,268,10,14.14,78.396,2.376,0.0,0.0
1995,268,11,13.97,79.861,2.312,0.0,0.0
1995,268,12,13.81,81.295,2.246,0.0,0.0
1995,268,13,13.64,82.808,2.192,0.0,0.0
1995,268,14,14.66,78.258,2.346,0.0,72.576
1995,268,15,15.67,74.034,2.527,0.0,163.344
1995,268,16,16.69,70.024,2.719,0.0,277.319
1995,268,17,17.44,65.882,2.576,0.0,368.182
1995,268,18,18.19,61.99,2.442,0.0,448.113
1995,268,19,18.94,58.334,2.313,0.0,538.387
1995,268,20,19.41,56.428,2.687,0.0,534.59
1995,268,21,19.88,54.591,3.058,0.0,494.545
1995,268,22,20.35,52.816,3.437,0.0,412.411
1995,268,23,19.41,57.776,3.171,0.0,282.333
1995,268,24,18.47,63.162,2.95,0.0,159.536
1995,269,1,17.53,69.018,2.798,0.0,11.376
1995,269,2,16.56,73.777,2.886,0.0,0.0
1995,269,3,15.6,78.852,2.99,0.0,0.0
1995,269,4,14.64,84.308,3.081,0.0,0.0
1995,269,5,14.09,86.866,3.02,0.0,0.0
1995,269,6,13.54,89.513,2.964,0.0,0.0
1995,269,7,12.99,92.248,2.906,0.0,0.0
1995,269,8,12.51,92.841,2.969,0.0,0.0
1995,269,9,12.03,93.39,3.04,0.0,0.0
1995,269,10,11.55,93.895,3.104,0.0,0.0
1995,269,11,10.87,94.526,3.113,0.0,0.0
1995,269,12,10.19,95.041,3.13,0.0,0.0
1995,269,13,9.51,95.417,3.156,0.0,0.0
1995,269,14,11.45,89.327,3.337,0.0,122.288
1995,269,15,13.38,83.528,3.526,0.0,278.048
1995,269,16,15.32,77.943,3.719,0.0,439.68
1995,269,17,17.12,67.424,4.18,0.0,584.294
1995,269,18,18.92,58.36,4.657,0.0,711.304
1995,269,19,20.72,50.542,5.132,0.0,748.349
1995,269,20,21.21,49.718,4.936,0.0,742.667
1995,269,21,21.7,48.901,4.763,0.0,686.354
1995,269,22,22.2,48.065,4.601,0.0,544.072
1995,269,23,20.71,53.44,4.176,0.0,371.118
1995,269,24,19.22,59.461,3.763,0.0,207.6
1995,270,1,17.73,66.219,3.378,0.0,8.32
1995,270,2,16.37,70.23,3.518,0.0,0.0
1995,270,3,15.0,74.541,3.67,0.0,0.0
1995,270,4,13.64,79.07,3.831,0.0,0.0
1995,270,5,13.0,80.959,3.63,0.0,0.0
1995,270,6,12.37,82.831,3.439,0.0,0.0
1995,270,7,11.73,84.79,3.239,0.0,0.0
1995,270,8,11.38,85.403,2.92,0.0,0.0
1995,270,9,11.02,86.067,2.623,0.0,0.0
1995,270,10,10.66,86.713,2.348,0.0,0.0
1995,270,11,10.24,87.65,2.328,0.0,0.0
1995,270,12,9.82,88.587,2.353,0.0,0.0
1995,270,13,9.41,89.446,2.422,0.0,0.0
1995,270,14,11.84,86.354,2.167,0.0,118.16
1995,270,15,14.28,82.391,1.902,0.0,271.52
1995,270,16,16.72,77.957,1.645,0.0,431.913
1995,270,17,18.86,71.12,2.57,0.0,574.475
1995,270,18,20.99,64.945,3.535,0.0,699.543
1995,270,19,23.13,59.296,4.502,0.0,735.362
1995,270,20,23.77,57.571,4.405,0.0,729.399
1995,270,21,24.41,55.903,4.335,0.0,673.413
1995,270,22,25.05,54.285,4.269,0.0,528.797
1995,270,23,23.63,60.076,3.971,0.0,359.364
1995,270,24,22.22,66.485,3.666,0.0,198.944
1995,271,1,20.8,73.671,3.368,0.0,5.776
1995,271,2,19.49,75.919,3.313,0.0,0.0
1995,271,3,18.18,78.079,3.283,0.0,0.0
1995,271,4,16.87,80.115,3.297,0.0,0.0
1995,271,5,16.25,81.65,3.284,0.0,0.0
1995,271,6,15.63,83.195,3.325,0.0,0.0
1995,271,7,15.01,84.743,3.404,0.0,0.0
1995,271,8,14.5,86.224,3.206,0.0,0.0
1995,271,9,13.99,87.714,3.024,0.0,0.0
1995,271,10,13.48,89.224,2.861,0.0,0.0
1995,271,11,13.51,90.079,2.803,0.0,0.0
1995,271,12,13.54,90.927,2.741,0.0,0.0
1995,271,13,13.57,91.774,2.683,0.0,0.0
1995,271,14,15.68,87.738,2.737,0.0,68.04
1995,271,15,17.78,83.472,2.81,0.0,158.064
1995,271,16,19.89,79.019,2.9,0.0,323.74
1995,271,17,22.12,74.752,3.325,0.0,431.004
1995,271,18,24.36,70.39,3.904,0.0,524.958
1995,271,19,26.59,66.114,4.601,0.0,620.32
1995,271,20,27.32,65.15,5.158,0.0,614.962
1995,271,21,28.04,64.199,5.715,0.0,567.185
1995,271,22,28.77,63.189,6.265,0.0,499.886
1995,271,23,27.79,67.017,5.754,0.0,338.425
1995,271,24,26.81,71.107,5.24,0.0,185.36
1995,272,1,25.84,75.433,4.729,0.0,6.712
1995,272,2,24.43,79.766,4.36,0.0,0.0
1995,272,3,23.02,84.352,4.003,0.0,0.0
1995,272,4,21.61,89.206,3.64,0.0,0.0
1995,272,5,21.28,89.868,4.017,0.0,0.0
1995,272,6,20.96,90.467,4.424,0.0,0.0
1995,272,7,20.63,91.117,4.859,0.0,0.0
1995,272,8,20.37,90.842,4.79,0.0,0.0
1995,272,9,20.12,90.483,4.814,0.0,0.0
1995,272,10,19.86,90.151,4.931,0.0,0.0
1995,272,11,19.73,89.749,5.176,0.0,0.0
1995,272,12,19.61,89.282,5.425,0.0,0.0
1995,272,13,19.48,88.858,5.675,0.0,0.0
1995,272,14,21.01,82.749,6.507,0.0,103.2
1995,272,15,22.53,77.147,7.376,0.227,242.48
1995,272,16,24.06,71.919,8.27,0.0,409.859
1995,272,17,25.78,67.635,8.911,0.0,546.179
1995,272,18,27.49,63.62,9.552,0.0,665.413
1995,272,19,29.21,59.79,10.203,0.011,705.776
1995,272,20,29.66,58.005,10.47,0.0,699.301
1995,272,21,30.12,56.245,10.753,0.0,644.297
1995,272,22,30.57,54.574,11.032,0.084,453.846
1995,272,23,29.44,57.383,10.412,0.0,306.086
1995,272,24,28.32,60.323,9.786,0.0,165.792
1995,273,1,27.19,63.473,9.164,0.0,2.872
1995,273,2,25.97,66.905,8.718,0.0,0.0
1995,273,3,24.74,70.582,8.274,0.0,0.0
1995,273,4,23.52,74.436,7.833,0.0,0.0
1995,273,5,22.93,75.585,7.706,0.0,0.0
1995,273,6,22.33,76.778,7.592,0.0,0.0
1995,273,7,21.74,77.923,7.494,0.025,0.0
1995,273,8,21.47,77.948,8.0,0.0,0.0
1995,273,9,21.19,78.002,8.52,0.306,0.0
1995,273,10,20.92,77.993,9.041,0.715,0.0
1995,273,11,20.72,79.808,8.707,0.28,0.0
1995,273,12,20.53,81.609,8.392,0.0,0.0
1995,273,13,20.33,83.493,8.098,0.0,0.0
1995,273,14,21.27,81.742,8.277,0.0,86.216
1995,273,15,22.21,79.954,8.475,0.0,204.96
1995,273,16,23.15,78.146,8.697,0.0,377.231
1995,273,17,24.82,71.699,8.718,0.0,503.182
1995,273,18,26.5,65.812,8.753,0.0,613.207
1995,273,19,28.18,60.471,8.801,0.0,653.047
1995,273,20,28.63,57.91,8.184,0.0,646.696
1995,273,21,29.09,55.414,7.622,0.0,595.238
1995,273,22,29.54,53.043,7.128,0.0,310.115
1995,273,23,28.32,56.022,5.701,0.0,208.337
1995,273,24,27.1,59.187,4.418,0.0,111.552
1995,274,1,25.88,62.552,3.441,0.003,0.88
1995,274,2,23.91,63.096,3.734,0.02,0.0
1995,274,3,21.94,62.872,4.675,0.018,0.0
1995,274,4,19.96,61.683,5.952,0.005,0.0
1995,274,5,18.14,66.135,5.169,0.007,0.0
1995,274,6,16.32,70.873,4.419,0.0,0.0
1995,274,7,14.5,75.902,3.732,0.0,0.0
1995,274,8,14.14,74.856,2.922,0.004,0.0
1995,274,9,13.77,73.766,2.3,0.0,0.0
1995,274,10,13.41,72.537,2.064,0.0,0.0
1995,274,11,12.9,73.093,2.068,0.0,0.0
1995,274,12,12.39,73.612,2.081,0.0,0.0
1995,274,13,11.88,74.094,2.11,0.0,0.0
1995,274,14,13.91,70.89,1.916,0.0,111.56
1995,274,15,15.94,67.481,1.767,0.0,268.496
1995,274,16,17.97,63.967,1.684,0.0,449.411
1995,274,17,19.97,54.648,1.601,0.0,601.159
1995,274,18,21.97,46.72,1.526,0.0,701.317
1995,274,19,23.98,39.946,1.452,0.111,726.531
1995,274,20,24.46,38.708,1.614,0.0,700.652
1995,274,21,24.94,37.51,1.966,0.0,618.302
1995,274,22,25.42,36.352,2.421,0.0,498.559
1995,274,23,23.82,40.442,2.434,0.0,350.307
1995,274,24,22.23,45.011,2.443,0.128,185.36
1995,275,1,20.63,50.177,2.456,0.224,0.0
1995,275,2,19.15,54.391,2.671,0.0,0.0
1995,275,3,17.66,59.049,2.933,0.0,0.0
1995,275,4,16.18,64.125,3.243,0.0,0.0
1995,275,5,15.34,68.075,3.215,0.0,0.0
1995,275,6,14.49,72.339,3.179,0.0,0.0
1995,275,7,13.65,76.845,3.143,0.0,0.0
1995,275,8,13.49,77.443,2.652,0.0,0.0
1995,275,9,13.33,78.048,2.161,0.0,0.0
1995,275,10,13.16,78.709,1.66,0.0,0.0
1995,275,11,12.87,79.419,1.414,0.0,0.0
1995,275,12,12.59,80.075,1.334,0.055,0.0
1995,275,13,12.3,80.788,1.45,0.05,0.0
1995,275,14,14.24,78.474,1.507,0.004,103.768
1995,275,15,16.17,75.763,2.584,0.006,252.912
1995,275,16,18.11,72.704,3.91,0.005,319.365
1995,275,17,19.86,67.376,1.794,0.054,427.622
1995,275,18,21.62,62.419,1.602,0.078,499.033
1995,275,19,23.37,57.883,3.654,0.289,309.869
1995,275,20,22.65,59.961,3.616,0.191,298.668
1995,275,21,21.92,62.165,3.6,0.355,263.286
1995,275,22,21.2,64.417,3.609,0.244,188.186
1995,275,23,20.42,68.742,2.726,0.058,131.691
1995,275,24,19.63,73.4,2.238,0.057,68.832
1995,276,1,18.85,78.328,2.403,0.018,0.0
1995,276,2,18.22,80.829,1.943,0.044,0.0
1995,276,3,17.58,83.474,1.622,0.131,0.0
1995,276,4,16.95,86.16,1.531,0.021,0.0
1995,276,5,16.31,86.922,1.399,0.086,0.0
1995,276,6,15.66,87.672,1.681,0.0,0.0
1995,276,7,15.02,88.29,2.236,0.0,0.0
1995,276,8,14.39,89.455,2.593,0.0,0.0
1995,276,9,13.76,90.579,2.976,0.0,0.0
1995,276,10,13.13,91.659,3.377,0.0,0.0
1995,276,11,12.61,91.32,3.012,0.0,0.0
1995,276,12,12.09,90.856,2.821,0.0,0.0
1995,276,13,11.57,90.26,2.85,0.0,0.0
1995,276,14,13.16,83.789,2.972,0.0,105.664
1995,276,15,14.75,77.811,3.217,0.0,260.928
1995,276,16,16.34,72.29,3.545,0.0,442.647
1995,276,17,18.02,61.374,3.69,0.0,593.329
1995,276,18,19.7,51.994,3.852,0.0,692.618
1995,276,19,21.38,43.928,4.036,0.0,717.975
1995,276,20,21.77,41.907,3.082,0.0,691.666
1995,276,21,22.15,39.986,2.151,0.0,609.092
1995,276,22,22.54,38.11,1.259,0.0,490.852
1995,276,23,21.5,39.799,1.193,0.0,342.096
1995,276,24,20.46,41.564,1.125,0.0,176.56
1995,277,1,19.42,43.413,1.075,0.0,0.0
1995,277,2,18.21,45.817,0.66,0.0,0.0
1995,277,3,16.99,48.395,1.308,0.0,0.0
1995,277,4,15.78,51.095,2.234,0.0,0.0
1995,277,5,14.49,56.784,2.568,0.0,0.0
1995,277,6,13.21,63.085,2.931,0.0,0.0
1995,277,7,11.93,70.108,3.323,0.0,0.0
1995,277,8,11.54,70.955,2.89,0.0,0.0
1995,277,9,11.15,71.805,2.47,0.0,0.0
1995,277,10,10.76,72.659,2.08,0.0,0.0
1995,277,11,9.94,75.743,2.052,0.0,0.0
1995,277,12,9.12,78.98,2.683,0.0,0.0
1995,277,13,8.3,82.364,3.636,0.0,0.0
1995,277,14,10.76,76.52,3.508,0.0,103.816
1995,277,15,13.21,70.808,3.458,0.0,259.92
1995,277,16,15.67,65.251,3.486,0.0,440.825
1995,277,17,17.93,57.508,4.76,0.0,591.511
1995,277,18,20.19,50.791,6.111,0.0,690.729
1995,277,19,22.45,44.953,7.497,0.0,716.199
1995,277,20,23.04,43.438,7.682,0.0,689.587
1995,277,21,23.64,41.954,7.864,0.0,606.636
1995,277,22,24.24,40.529,8.048,0.0,484.131
1995,277,23,22.34,46.807,6.846,0.0,336.0
1995,277,24,20.43,54.133,5.652,0.0,171.152
1995,278,1,18.53,62.622,4.462,0.0,0.0
1995,278,2,17.1,67.369,4.172,0.0,0.0
1995,278,3,15.67,72.528,3.998,0.0,0.0
1995,278,4,14.24,78.135,3.945,0.0,0.0
1995,278,5,13.44,80.796,3.786,0.0,0.0
1995,278,6,12.64,83.545,3.656,0.0,0.0
1995,278,7,11.84,86.382,3.55,0.0,0.0
1995,278,8,11.55,86.516,3.386,0.0,0.0
1995,278,9,11.25,86.686,3.222,0.0,0.0
1995,278,10,10.96,86.767,3.061,0.0,0.0
1995,278,11,10.76,86.618,1.7,0.0,0.0
1995,278,12,10.57,86.391,1.412,0.0,0.0
1995,278,13,10.37,86.204,2.581,0.0,0.0
1995,278,14,12.23,78.387,3.235,0.0,84.928
1995,278,15,14.09,71.355,4.351,0.0,215.68
1995,278,16,15.95,65.018,5.669,0.0,434.905
1995,278,17,17.07,58.322,6.403,0.0,584.224
1995,278,18,18.18,52.304,7.16,0.0,682.435
1995,278,19,19.29,46.858,7.933,0.0,636.801
1995,278,20,19.4,45.398,8.241,0.0,612.828
1995,278,21,19.5,43.983,8.561,0.0,538.546
1995,278,22,19.61,42.556,8.914,0.0,378.063
1995,278,23,18.59,44.694,7.966,0.0,261.28
1995,278,24,17.58,46.922,7.017,0.0,131.296
1995,279,1,16.57,49.279,6.073,0.0,0.0
1995,279,2,15.84,50.75,6.226,0.0,0.0
1995,279,3,15.1,52.294,6.385,0.0,0.0
1995,279,4,14.37,53.849,6.547,0.0,0.0
1995,279,5,14.04,57.595,6.866,0.0,0.0
1995,279,6,13.71,61.482,7.22,0.0,0.0
1995,279,7,13.38,65.516,7.604,0.0,0.0
1995,279,8,13.08,67.68,7.297,0.0,0.0
1995,279,9,12.77,69.958,7.055,0.0,0.0
1995,279,10,12.47,72.254,6.875,0.0,0.0
1995,279,11,12.18,74.339,6.771,0.0,0.0
1995,279,12,11.89,76.482,6.664,0.0,0.0
1995,279,13,11.6,78.683,6.566,0.0,0.0
1995,279,14,12.2,74.699,7.231,0.0,53.832
1995,279,15,12.8,70.922,7.933,0.0,138.768
1995,279,16,13.4,67.331,8.664,0.0,256.036
1995,279,17,14.24,62.228,8.531,0.0,344.328
1995,279,18,15.07,57.534,8.439,0.0,402.36
1995,279,19,15.91,53.139,8.371,0.0,480.129
1995,279,20,16.3,50.776,8.066,0.0,461.797
1995,279,21,16.7,48.468,7.764,0.0,405.396
1995,279,22,17.09,46.276,7.487,0.0,355.34
1995,279,23,16.25,48.868,6.44,0.0,244.528
1995,279,24,15.41,51.621,5.394,0.0,121.152
1995,280,1,14.57,54.552,4.372,0.0,0.0
1995,280,2,13.84,57.253,4.062,0.0,0.0
1995,280,3,13.11,60.104,3.752,0.0,0.0
1995,280,4,12.39,63.072,3.442,0.0,0.0
1995,280,5,11.89,64.98,3.166,0.0,0.0
1995,280,6,11.39,66.949,2.889,0.0,0.0
1995,280,7,10.89,68.985,2.62,0.0,0.0
1995,280,8,10.56,69.398,2.324,0.0,0.0
1995,280,9,10.24,69.755,2.041,0.0,0.0
1995,280,10,9.91,70.14,1.78,0.0,0.0
1995,280,11,9.3,70.753,1.514,0.0,0.0
1995,280,12,8.69,71.3,1.517,0.0,0.0
1995,280,13,8.09,71.737,1.804,0.0,0.0
1995,280,14,9.78,67.804,1.546,0.0,96.312
1995,280,15,11.48,63.942,1.397,0.0,252.144
1995,280,16,13.18,60.222,1.371,0.0,432.115
1995,280,17,14.7,54.495,1.423,0.0,581.804
1995,280,18,16.21,49.399,1.484,0.0,680.111
1995,280,19,17.73,44.803,1.546,0.0,705.551
1995,280,20,18.35,43.247,1.175,0.0,678.282
1995,280,21,18.96,41.774,1.204,0.0,594.815
1995,280,22,19.57,40.361,1.612,0.0,477.21
1995,280,23,18.03,44.731,2.24,0.0,326.944
1995,280,24,16.48,49.66,2.881,0.0,159.656
1995,281,1,14.93,55.193,3.544,0.0,0.0
1995,281,2,13.81,57.56,3.318,0.0,0.0
1995,281,3,12.68,60.047,3.134,0.0,0.0
1995,281,4,11.56,62.573,3.016,0.0,0.0
1995,281,5,10.74,65.869,3.216,0.0,0.0
1995,281,6,9.93,69.315,3.451,0.0,0.0
1995,281,7,9.11,73.015,3.727,0.0,0.0
1995,281,8,8.46,75.07,3.514,0.0,0.0
1995,281,9,7.81,77.186,3.34,0.0,0.0
1995,281,10,7.16,79.353,3.195,0.0,0.0
1995,281,11,6.6,81.217,3.225,0.0,0.0
1995,281,12,6.04,83.121,3.295,0.0,0.0
1995,281,13,5.48,85.063,3.396,0.0,0.0
1995,281,14,8.38,76.59,3.606,0.0,92.704
1995,281,15,11.28,68.712,3.93,0.0,246.656
1995,281,16,14.18,61.488,4.343,0.0,421.752
1995,281,17,16.7,55.355,5.668,0.0,568.516
1995,281,18,19.21,49.865,7.04,0.0,664.834
1995,281,19,21.73,44.899,8.446,0.0,687.353
1995,281,20,22.44,44.317,8.206,0.0,660.455
1995,281,21,23.16,43.687,8.045,0.0,578.558
1995,281,22,23.87,43.063,7.977,0.0,456.637
1995,281,23,22.16,49.149,6.678,0.0,311.456
1995,281,24,20.46,56.088,5.409,0.0,149.816
1995,282,1,18.75,64.087,4.182,0.0,0.0
1995,282,2,17.56,68.573,4.076,0.0,0.0
1995,282,3,16.36,73.462,3.973,0.0,0.0
1995,282,4,15.17,78.701,3.859,0.0,0.0
1995,282,5,14.45,80.952,3.734,0.0,0.0
1995,282,6,13.73,83.255,3.631,0.0,0.0
1995,282,7,13.01,85.618,3.56,0.0,0.0
1995,282,8,12.46,86.404,3.403,0.0,0.0
1995,282,9,11.91,87.141,3.362,0.0,0.0
1995,282,10,11.36,87.834,3.427,0.0,0.0
1995,282,11,11.31,86.058,2.741,0.0,0.0
1995,282,12,11.27,84.214,2.119,0.0,0.0
1995,282,13,11.22,82.413,1.606,0.0,0.0
1995,282,14,12.94,77.353,1.5,0.0,89.864
1995,282,15,14.65,72.593,1.717,0.0,243.2
1995,282,16,16.37,68.034,2.158,0.0,422.096
1995,282,17,18.41,59.919,1.38,0.0,569.68
1995,282,18,20.45,52.88,1.212,0.0,666.454
1995,282,19,22.5,46.728,1.83,0.0,681.401
1995,282,20,23.12,44.884,1.847,0.0,654.403
1995,282,21,23.74,43.118,1.926,0.0,572.659
1995,282,22,24.36,41.429,2.053,0.0,456.43
1995,282,23,22.84,45.322,2.255,0.0,309.92
1995,282,24,21.33,49.601,2.455,0.0,146.768
1995,283,1,19.81,54.376,2.654,0.0,0.0
1995,283,2,18.63,56.963,2.706,0.0,0.0
1995,283,3,17.44,59.708,2.846,0.0,0.0
1995,283,4,16.25,62.579,3.056,0.0,0.0
1995,283,5,15.74,64.69,2.764,0.0,0.0
1995,283,6,15.23,66.883,2.48,0.0,0.0
1995,283,7,14.72,69.156,2.23,0.0,0.0
1995,283,8,14.07,72.096,2.353,0.0,0.0
1995,283,9,13.42,75.175,2.479,0.0,0.0
1995,283,10,12.76,78.453,2.608,0.0,0.0
1995,283,11,12.48,79.242,2.359,0.0,0.0
1995,283,12,12.19,80.09,2.116,0.0,0.0
1995,283,13,11.9,80.946,1.878,0.0,0.0
1995,283,14,14.13,76.167,1.503,0.0,84.528
1995,283,15,16.36,71.375,1.188,0.0,232.864
1995,283,16,18.59,66.67,0.984,0.0,406.367
1995,283,17,21.13,60.698,1.334,0.0,549.123
1995,283,18,23.66,55.244,1.694,0.0,642.689
1995,283,19,26.2,50.221,2.052,0.0,656.192
1995,283,20,26.72,48.462,1.884,0.0,629.867
1995,283,21,27.24,46.768,1.974,0.0,550.611
1995,283,22,27.76,45.137,2.292,0.0,441.369
1995,283,23,26.61,47.812,2.18,0.0,298.32
1995,283,24,25.46,50.671,2.081,0.0,139.0
1995,284,1,24.31,53.723,1.975,0.0,0.0
1995,284,2,22.69,57.674,2.378,0.0,0.0
1995,284,3,21.07,61.941,2.796,0.0,0.0
1995,284,4,19.45,66.549,3.233,0.0,0.0
1995,284,5,18.65,69.632,3.013,0.0,0.0
1995,284,6,17.85,72.881,2.866,0.0,0.0
1995,284,7,17.05,76.3,2.794,0.0,0.0
1995,284,8,16.82,76.692,2.198,0.0,0.0
1995,284,9,16.59,77.081,1.631,0.0,0.0
1995,284,10,16.36,77.467,1.138,0.0,0.0
1995,284,11,15.9,78.754,1.181,0.0,0.0
1995,284,12,15.44,80.053,1.248,0.0,0.0
1995,284,13,14.98,81.373,1.355,0.0,0.0
1995,284,14,16.75,77.657,1.22,0.0,84.168
1995,284,15,18.52,73.917,1.152,0.0,236.208
1995,284,16,20.3,70.158,1.168,0.0,413.018
1995,284,17,22.74,62.269,1.571,0.0,558.862
1995,284,18,25.18,55.367,2.52,0.0,654.359
1995,284,19,27.63,49.291,3.597,0.0,676.652
1995,284,20,28.22,46.435,4.0,0.0,649.19
1995,284,21,28.81,43.723,4.408,0.0,566.897
1995,284,22,29.41,41.125,4.809,0.0,443.109
1995,284,23,27.36,46.192,4.584,0.0,298.096
1995,284,24,25.31,51.979,4.36,0.0,136.592
1995,285,1,23.25,58.634,4.155,0.0,0.0
1995,285,2,22.05,61.158,4.095,0.0,0.0
1995,285,3,20.84,63.808,4.066,0.0,0.0
1995,285,4,19.64,66.506,4.064,0.0,0.0
1995,285,5,18.82,69.808,3.946,0.0,0.0
1995,285,6,18.0,73.297,3.856,0.0,0.0
1995,285,7,17.18,76.987,3.791,0.0,0.0
1995,285,8,16.56,79.238,3.661,0.0,0.0
1995,285,9,15.93,81.616,3.55,0.0,0.0
1995,285,10,15.3,84.069,3.45,0.0,0.0
1995,285,11,14.85,85.696,3.403,0.0,0.0
1995,285,12,14.39,87.409,3.36,0.0,0.0
1995,285,13,13.94,89.097,3.321,0.0,0.0
1995,285,14,16.29,81.795,3.548,0.0,80.4
1995,285,15,18.65,74.941,3.782,0.0,230.096
1995,285,16,21.0,68.642,4.009,0.0,406.899
1995,285,17,23.43,60.128,5.038,0.0,551.296
1995,285,18,25.85,52.826,6.193,0.0,645.799
1995,285,19,28.28,46.493,7.416,0.0,671.012
1995,285,20,28.59,44.247,7.669,0.0,643.472
1995,285,21,28.91,42.046,7.931,0.0,561.306
1995,285,22,29.22,39.937,8.186,0.0,439.11
1995,285,23,26.97,45.459,7.016,0.0,294.032
1995,285,24,24.71,51.891,5.848,0.0,132.4
1995,286,1,22.45,59.367,4.689,0.0,0.0
1995,286,2,21.31,63.433,4.691,0.0,0.0
1995,286,3,20.17,67.82,4.686,0.0,0.0
1995,286,4,19.03,72.552,4.693,0.0,0.0
1995,286,5,18.37,75.392,4.727,0.0,0.0
1995,286,6,17.72,78.312,4.772,0.0,0.0
1995,286,7,17.06,81.409,4.806,0.0,0.0
1995,286,8,16.55,82.951,4.854,0.0,0.0
1995,286,9,16.05,84.458,4.901,0.0,0.0
1995,286,10,15.54,86.045,4.949,0.0,0.0
1995,286,11,15.0,86.835,4.79,0.0,0.0
1995,286,12,14.45,87.644,4.646,0.0,0.0
1995,286,13,13.91,88.351,4.496,0.0,0.0
1995,286,14,16.0,79.097,5.0,0.0,78.304
1995,286,15,18.09,70.922,5.588,0.0,228.752
1995,286,16,20.18,63.695,6.229,0.0,403.491
1995,286,17,21.8,55.732,4.674,0.0,547.429
1995,286,18,23.43,48.734,4.388,0.0,641.569
1995,286,19,25.05,42.636,5.579,0.0,572.228
1995,286,20,23.88,42.865,6.534,0.0,548.465
1995,286,21,22.72,42.893,7.841,0.0,477.936
1995,286,22,21.55,42.741,9.363,0.0,164.789
1995,286,23,19.76,43.914,7.908,0.0,109.808
1995,286,24,17.97,44.837,6.439,0.0,48.56
1995,287,1,16.18,45.421,4.986,0.0,0.0
1995,287,2,14.58,48.427,4.74,0.0,0.0
1995,287,3,12.99,51.581,4.504,0.0,0.0
1995,287,4,11.4,54.915,4.279,0.0,0.0
1995,287,5,10.47,56.603,4.18,0.0,0.0
1995,287,6,9.54,58.312,4.085,0.0,0.0
1995,287,7,8.6,60.067,4.002,0.0,0.0
1995,287,8,7.75,62.396,3.732,0.0,0.0
1995,287,9,6.9,64.816,3.711,0.0,0.0
1995,287,10,6.05,67.327,3.952,0.0,0.0
1995,287,11,5.51,69.002,3.883,0.0,0.0
1995,287,12,4.96,70.764,3.85,0.0,0.0
1995,287,13,4.41,72.571,3.844,0.0,0.0
1995,287,14,6.92,62.533,4.03,0.0,79.264
1995,287,15,9.44,54.001,4.376,0.0,236.624
1995,287,16,11.95,46.795,4.841,0.0,419.767
1995,287,17,13.87,37.917,5.476,0.0,570.304
1995,287,18,15.8,30.519,6.289,0.0,668.696
1995,287,19,17.72,24.39,7.227,0.0,691.072
1995,287,20,18.21,23.617,6.957,0.0,662.068
1995,287,21,18.69,22.886,6.689,0.0,576.325
1995,287,22,19.17,22.179,6.43,0.0,449.008
1995,287,23,17.08,26.221,5.592,0.0,297.776
1995,287,24,14.98,31.045,4.805,0.0,129.24
1995,288,1,12.88,36.789,4.106,0.0,0.0
1995,288,2,12.17,38.36,3.416,0.0,0.0
1995,288,3,11.46,40.008,3.2,0.0,0.0
1995,288,4,10.75,41.735,3.54,0.0,0.0
1995,288,5,9.9,46.251,3.656,0.0,0.0
1995,288,6,9.05,51.166,3.812,0.0,0.0
1995,288,7,8.2,56.52,3.997,0.0,0.0
1995,288,8,7.67,59.978,3.938,0.0,0.0
1995,288,9,7.15,63.575,3.899,0.0,0.0
1995,288,10,6.63,67.365,3.882,0.0,0.0
1995,288,11,6.14,70.448,3.804,0.0,0.0
1995,288,12,5.64,73.724,3.72,0.0,0.0
1995,288,13,5.15,77.098,3.636,0.0,0.0
1995,288,14,7.73,69.154,3.344,0.0,73.784
1995,288,15,10.3,62.025,3.045,0.0,225.344
1995,288,16,12.87,55.603,2.768,0.0,401.593
1995,288,17,16.48,45.683,2.816,0.0,546.397
1995,288,18,20.08,37.745,2.911,0.0,640.991
1995,288,19,23.69,31.32,3.056,0.0,665.649
1995,288,20,24.93,28.425,3.447,0.0,637.415
1995,288,21,26.17,25.803,3.847,0.0,554.278
1995,288,22,27.41,23.426,4.256,0.0,429.732
1995,288,23,25.49,26.45,3.796,0.0,283.6
1995,288,24,23.57,29.909,3.347,0.0,120.72
1995,289,1,21.65,33.875,2.943,0.0,0.0
1995,289,2,20.81,34.969,2.186,0.0,0.0
1995,289,3,19.96,36.121,1.428,0.0,0.0
1995,289,4,19.11,37.304,0.671,0.0,0.0
1995,289,5,17.41,42.179,0.456,0.0,0.0
1995,289,6,15.71,47.749,1.596,0.0,0.0
1995,289,7,14.01,54.12,2.728,0.0,0.0
1995,289,8,12.87,58.344,2.717,0.0,0.0
1995,289,9,11.72,62.987,2.769,0.0,0.0
1995,289,10,10.57,68.038,2.89,0.0,0.0
1995,289,11,10.09,69.811,2.636,0.0,0.0
1995,289,12,9.62,71.582,2.479,0.0,0.0
1995,289,13,9.14,73.457,2.429,0.0,0.0
1995,289,14,11.38,67.798,2.009,0.0,70.968
1995,289,15,13.62,62.457,1.592,0.0,222.032
1995,289,16,15.86,57.457,1.192,0.0,398.969
1995,289,17,19.4,48.381,2.268,0.0,543.635
1995,289,18,22.93,40.899,3.529,0.0,638.088
1995,289,19,26.46,34.692,4.834,0.0,661.426
1995,289,20,27.18,32.322,5.594,0.0,633.074
1995,289,21,27.91,30.08,6.45,0.0,549.932
1995,289,22,28.63,27.991,7.373,0.0,424.212
1995,289,23,26.11,33.497,6.456,0.0,278.576
1995,289,24,23.58,40.18,5.542,0.0,116.208
1995,290,1,21.06,48.263,4.63,0.0,0.0
1995,290,2,19.68,52.471,4.544,0.0,0.0
1995,290,3,18.3,57.1,4.464,0.0,0.0
1995,290,4,16.92,62.194,4.381,0.0,0.0
1995,290,5,15.99,65.548,4.362,0.0,0.0
1995,290,6,15.07,69.059,4.341,0.0,0.0
1995,290,7,14.14,72.837,4.337,0.0,0.0
1995,290,8,13.47,74.854,4.321,0.0,0.0
1995,290,9,12.8,76.921,4.3,0.0,0.0
1995,290,10,12.13,79.047,4.293,0.0,0.0
1995,290,11,11.67,79.775,4.388,0.0,0.0
1995,290,12,11.22,80.425,4.494,0.0,0.0
1995,290,13,10.77,81.056,4.591,0.0,0.0
1995,290,14,13.2,69.743,5.397,0.0,69.792
1995,290,15,15.63,60.18,6.212,0.0,223.984
1995,290,16,18.07,52.047,7.051,0.0,384.333
1995,290,17,20.6,43.918,7.678,0.0,524.475
1995,290,18,23.14,37.143,8.321,0.0,615.957
1995,290,19,25.68,31.501,8.985,0.0,650.944
1995,290,20,26.04,31.146,9.284,0.0,622.765
1995,290,21,26.39,30.811,9.593,0.0,540.415
1995,290,22,26.75,30.459,9.899,0.0,416.554
1995,290,23,24.57,35.445,8.18,0.0,272.176
1995,290,24,22.39,41.314,6.479,0.0,111.176
1995,291,1,20.21,48.239,4.787,0.0,0.0
1995,291,2,18.67,52.204,4.548,0.0,0.0
1995,291,3,17.12,56.577,4.302,0.0,0.0
1995,291,4,15.58,61.334,4.066,0.0,0.0
1995,291,5,14.7,64.709,3.967,0.0,0.0
1995,291,6,13.82,68.299,3.864,0.0,0.0
1995,291,7,12.95,72.071,3.782,0.0,0.0
1995,291,8,12.24,74.991,3.723,0.0,0.0
1995,291,9,11.53,78.042,3.665,0.0,0.0
1995,291,10,10.82,81.235,3.608,0.0,0.0
1995,291,11,10.24,83.056,3.528,0.0,0.0
1995,291,12,9.66,84.907,3.45,0.0,0.0
1995,291,13,9.07,86.845,3.384,0.0,0.0
1995,291,14,11.63,76.942,3.498,0.0,64.84
1995,291,15,14.18,68.278,3.62,0.0,213.784
1995,291,16,16.73,60.658,3.757,0.0,388.867
1995,291,17,19.46,53.226,4.748,0.0,531.483
1995,291,18,22.19,46.791,5.741,0.0,624.535
1995,291,19,24.92,41.215,6.737,0.0,646.956
1995,291,20,25.48,40.787,7.328,0.0,618.685
1995,291,21,26.04,40.345,7.912,0.0,536.334
1995,291,22,26.6,39.893,8.495,0.0,409.806
1995,291,23,24.48,45.895,7.179,0.0,266.4
1995,291,24,22.37,52.865,5.873,0.0,106.472
1995,292,1,20.25,61.044,4.571,0.0,0.0
1995,292,2,19.4,63.693,4.789,0.0,0.0
1995,292,3,18.55,66.474,4.997,0.0,0.0
1995,292,4,17.7,69.39,5.206,0.0,0.0
1995,292,5,16.92,72.366,4.997,0.0,0.0
1995,292,6,16.14,75.491,4.788,0.0,0.0
1995,292,7,15.35,78.819,4.579,0.0,0.0
1995,292,8,14.76,80.523,4.561,0.0,0.0
1995,292,9,14.16,82.314,4.54,0.0,0.0
1995,292,10,13.57,84.08,4.528,0.0,0.0
1995,292,11,13.28,84.581,4.471,0.0,0.0
1995,292,12,12.99,85.074,4.41,0.0,0.0
1995,292,13,12.7,85.561,4.366,0.0,0.0
1995,292,14,14.87,78.186,4.682,0.0,63.92
1995,292,15,17.05,71.395,5.111,0.0,216.88
1995,292,16,19.22,65.243,5.622,0.0,380.206
1995,292,17,20.84,58.203,3.435,0.0,520.481
1995,292,18,22.47,51.947,3.526,0.0,611.979
1995,292,19,24.09,46.436,5.789,0.0,609.501
1995,292,20,23.43,43.924,6.846,0.0,582.625
1995,292,21,22.76,41.154,8.036,0.0,504.544
1995,292,22,22.1,38.053,9.31,0.0,290.166
1995,292,23,20.22,39.24,7.994,0.0,187.664
1995,292,24,18.35,40.178,6.682,0.0,73.32
1995,293,1,16.47,40.829,5.387,0.0,0.0
1995,293,2,15.19,41.182,5.761,0.0,0.0
1995,293,3,13.91,41.322,6.145,0.0,0.0
1995,293,4,12.63,41.207,6.54,0.0,0.0
1995,293,5,11.19,44.635,5.708,0.0,0.0
1995,293,6,9.74,48.423,4.892,0.0,0.0
1995,293,7,8.3,52.541,4.115,0.0,0.0
1995,293,8,7.79,53.713,3.97,0.0,0.0
1995,293,9,7.29,54.869,3.849,0.0,0.0
1995,293,10,6.79,56.047,3.777,0.0,0.0
1995,293,11,6.75,56.035,3.662,0.0,0.0
1995,293,12,6.72,55.986,3.554,0.0,0.0
1995,293,13,6.68,55.978,3.463,0.0,0.0
1995,293,14,8.26,48.285,4.606,0.0,62.64
1995,293,15,9.83,41.669,5.85,0.0,219.12
1995,293,16,11.41,35.917,7.138,0.0,396.488
1995,293,17,12.5,33.227,8.07,0.0,543.668
1995,293,18,13.59,30.754,9.009,0.0,639.634
1995,293,19,14.69,28.466,9.941,0.0,654.184
1995,293,20,14.91,28.049,9.504,0.0,625.08
1995,293,21,15.13,27.644,9.069,0.0,540.763
1995,293,22,15.35,27.238,8.654,0.0,420.534
1995,293,23,13.47,31.018,7.159,0.0,270.576
1995,293,24,11.59,35.381,5.675,0.0,103.248
1995,294,1,9.71,40.428,4.198,0.0,0.0
1995,294,2,8.74,42.246,3.875,0.0,0.0
1995,294,3,7.76,44.172,3.627,0.0,0.0
1995,294,4,6.79,46.156,3.468,0.0,0.0
1995,294,5,6.08,48.503,3.269,0.0,0.0
1995,294,6,5.36,51.014,3.1,0.0,0.0
1995,294,7,4.64,53.677,2.96,0.0,0.0
1995,294,8,4.1,55.585,2.86,0.0,0.0
1995,294,9,3.56,57.56,2.753,0.0,0.0
1995,294,10,3.02,59.624,2.66,0.0,0.0
1995,294,11,2.89,59.648,2.3,0.0,0.0
1995,294,12,2.75,59.714,1.947,0.0,0.0
1995,294,13,2.62,59.73,1.594,0.0,0.0
1995,294,14,4.44,56.901,1.229,0.0,58.888
1995,294,15,6.26,53.978,0.882,0.0,212.8
1995,294,16,8.08,51.044,0.602,0.0,388.0
1995,294,17,10.47,44.436,0.62,0.0,532.924
1995,294,18,12.85,38.806,0.8,0.0,627.396
1995,294,19,15.24,33.946,1.059,0.576,651.644
1995,294,20,16.39,31.693,2.023,0.0,622.404
1995,294,21,17.53,29.622,2.987,0.0,537.908
1995,294,22,18.68,27.689,3.944,0.0,411.592
1995,294,23,16.76,32.519,4.004,0.0,263.44
1995,294,24,14.83,38.224,4.063,0.0,98.088
1995,295,1,12.9,44.945,4.126,0.0,0.0
1995,295,2,11.75,48.265,3.956,0.0,0.0
1995,295,3,10.61,51.834,3.885,0.0,0.0
1995,295,4,9.46,55.736,3.919,0.0,0.0
1995,295,5,8.54,59.067,3.854,0.0,0.0
1995,295,6,7.62,62.632,3.807,0.0,0.0
1995,295,7,6.69,66.48,3.787,0.0,0.0
1995,295,8,6.08,69.529,3.684,0.0,0.0
1995,295,9,5.46,72.787,3.62,0.0,0.0
1995,295,10,4.85,76.15,3.593,0.0,0.0
1995,295,11,4.76,77.138,3.62,0.0,0.0
1995,295,12,4.68,78.083,3.636,0.0,0.0
1995,295,13,4.59,79.089,3.668,0.0,0.0
1995,295,14,7.73,70.225,4.481,0.0,54.648
1995,295,15,10.86,62.18,5.51,0.0,204.464
1995,295,16,14.0,54.893,6.663,0.0,377.184
1995,295,17,16.52,53.506,7.87,0.0,518.965
1995,295,18,19.04,51.454,9.143,0.0,611.376
1995,295,19,21.56,48.996,10.467,0.0,630.041
1995,295,20,22.46,49.33,10.55,0.0,601.517
1995,295,21,23.36,49.5,10.622,0.0,519.337
1995,295,22,24.26,49.529,10.704,0.0,389.431
1995,295,23,23.29,53.819,9.757,0.0,247.936
1995,295,24,22.31,58.506,8.831,0.0,89.984
1995,296,1,21.33,63.594,7.913,0.0,0.0
1995,296,2,20.54,66.427,7.8,0.0,0.0
1995,296,3,19.74,69.449,7.693,0.0,0.0
1995,296,4,18.95,72.585,7.591,0.0,0.0
1995,296,5,18.62,74.096,8.383,0.0,0.0
1995,296,6,18.29,75.644,9.174,0.0,0.0
1995,296,7,17.96,77.229,9.956,0.0,0.0
1995,296,8,17.64,79.952,10.161,0.013,0.0
1995,296,9,17.32,82.756,10.366,0.016,0.0
1995,296,10,17.0,85.648,10.59,0.0,0.0
1995,296,11,16.9,86.431,10.279,0.163,0.0
1995,296,12,16.81,87.162,10.096,0.0,0.0
1995,296,13,16.72,87.903,10.068,0.0,0.0
1995,296,14,16.76,74.223,9.845,0.0,50.88
1995,296,15,16.8,60.539,10.004,0.434,197.6
1995,296,16,16.84,46.849,10.514,0.298,381.6
1995,296,17,16.26,43.138,11.108,0.0,525.985
1995,296,18,15.69,39.05,11.806,0.0,620.073
1995,296,19,15.11,34.622,12.59,0.155,548.853
1995,296,20,14.86,35.205,12.245,0.0,523.82
1995,296,21,14.61,35.8,11.916,0.0,451.817
1995,296,22,14.37,36.382,11.617,0.0,311.153
1995,296,23,13.65,37.51,10.648,0.0,197.056
1995,296,24,12.93,38.674,9.728,0.0,69.632
1995,297,1,12.21,39.874,8.9,0.0,0.0
1995,297,2,11.3,40.637,8.327,0.0,0.0
1995,297,3,10.4,41.327,7.782,0.0,0.0
1995,297,4,9.5,41.957,7.249,0.0,0.0
1995,297,5,8.16,46.135,6.218,0.0,0.0
1995,297,6,6.82,50.768,5.199,0.0,0.0
1995,297,7,5.48,55.93,4.2,0.0,0.0
1995,297,8,4.59,59.51,4.077,0.0,0.0
1995,297,9,3.7,63.347,4.042,0.0,0.0
1995,297,10,2.81,67.469,4.08,0.0,0.0
1995,297,11,2.13,70.452,4.025,0.0,0.0
1995,297,12,1.45,73.583,3.979,0.0,0.0
1995,297,13,0.77,76.872,3.926,0.0,0.0
1995,297,14,3.15,66.642,3.953,0.0,51.056
1995,297,15,5.52,57.968,3.982,0.0,206.384
1995,297,16,7.89,50.544,4.0,0.0,384.224
1995,297,17,10.61,39.865,3.995,0.0,530.571
1995,297,18,13.32,31.488,4.087,0.0,625.929
1995,297,19,16.04,24.863,4.261,0.0,644.781
1995,297,20,16.73,23.034,3.737,0.0,615.155
1995,297,21,17.43,21.307,3.276,0.0,530.067
1995,297,22,18.12,19.706,2.938,0.0,402.71
1995,297,23,15.81,24.759,3.078,0.0,253.664
1995,297,24,13.5,30.999,3.768,0.0,87.192
1995,298,1,11.19,38.703,4.77,0.0,0.0
1995,298,2,9.42,44.49,4.418,0.0,0.0
1995,298,3,7.64,51.24,4.089,0.0,0.0
1995,298,4,5.86,59.088,3.789,0.0,0.0
1995,298,5,4.91,63.988,3.634,0.0,0.0
1995,298,6,3.95,69.374,3.472,0.0,0.0
1995,298,7,3.0,75.178,3.311,0.0,0.0
1995,298,8,2.51,77.648,3.12,0.0,0.0
1995,298,9,2.03,80.149,3.01,0.0,0.0
1995,298,10,1.55,82.74,2.989,0.0,0.0
1995,298,11,1.65,83.484,2.851,0.0,0.0
1995,298,12,1.75,84.209,2.716,0.0,0.0
1995,298,13,1.85,84.914,2.583,0.0,0.0
1995,298,14,4.25,73.803,3.108,0.0,44.768
1995,298,15,6.65,64.296,3.633,0.0,188.944
1995,298,16,9.04,56.19,4.158,0.0,361.248
1995,298,17,11.09,53.01,5.034,0.0,499.779
1995,298,18,13.13,49.861,5.941,0.0,590.041
1995,298,19,15.18,46.731,6.874,0.0,559.169
1995,298,20,15.79,46.902,6.51,0.0,533.284
1995,298,21,16.4,46.994,6.194,0.0,459.077
1995,298,22,17.01,47.015,5.936,0.0,367.315
1995,298,23,15.49,52.807,5.232,0.0,230.128
1995,298,24,13.98,59.32,4.54,0.0,76.84
1995,299,1,12.47,66.688,3.842,0.0,0.0
1995,299,2,11.3,71.526,3.745,0.0,0.0
1995,299,3,10.14,76.719,3.645,0.0,0.0
1995,299,4,8.98,82.337,3.548,0.0,0.0
1995,299,5,8.34,84.288,3.495,0.0,0.0
1995,299,6,7.71,86.207,3.442,0.0,0.0
1995,299,7,7.07,88.217,3.39,0.0,0.0
1995,299,8,6.52,89.14,3.284,0.0,0.0
1995,299,9,5.96,90.09,3.179,0.0,0.0
1995,299,10,5.41,90.927,3.075,0.0,0.0
1995,299,11,5.02,91.572,3.108,0.0,0.0
1995,299,12,4.64,92.127,3.145,0.0,0.0
1995,299,13,4.25,92.725,3.184,0.0,0.0
1995,299,14,6.36,86.874,2.702,0.0,42.944
1995,299,15,8.46,81.138,2.231,0.0,189.936
1995,299,16,10.57,75.505,1.75,0.0,361.856
1995,299,17,14.14,67.395,2.606,0.0,501.586
1995,299,18,17.7,59.768,3.474,0.0,592.628
1995,299,19,21.26,52.752,4.333,0.0,600.749
1995,299,20,22.31,52.694,5.32,0.0,572.751
1995,299,21,23.36,52.455,6.33,0.0,492.576
1995,299,22,24.42,52.03,7.37,0.0,367.461
1995,299,23,23.17,56.541,6.265,0.0,228.976
1995,299,24,21.93,61.444,5.237,0.0,74.176
1995,300,1,20.68,66.855,4.324,0.0,0.0
1995,300,2,19.65,69.206,3.706,0.0,0.0
1995,300,3,18.62,71.607,3.424,0.0,0.0
1995,300,4,17.58,74.102,3.552,0.0,0.0
1995,300,5,17.15,71.328,3.582,0.0,0.0
1995,300,6,16.71,68.396,3.619,0.0,0.0
1995,300,7,16.28,65.199,3.662,0.0,0.0
1995,300,8,15.29,63.79,3.826,0.0,0.0
1995,300,9,14.3,61.935,4.069,0.0,0.0
1995,300,10,13.32,59.543,4.387,0.0,0.0
1995,300,11,12.17,61.024,4.226,0.0,0.0
1995,300,12,11.03,62.37,4.123,0.0,0.0
1995,300,13,9.89,63.587,4.102,0.0,0.0
1995,300,14,11.82,55.069,4.607,0.0,41.08
1995,300,15,13.75,47.772,5.201,0.0,191.152
1995,300,16,15.68,41.506,5.841,0.0,366.976
1995,300,17,17.02,35.185,6.665,0.0,509.695
1995,300,18,18.37,29.624,7.497,0.0,602.684
1995,300,19,19.72,24.758,8.325,0.0,625.139
1995,300,20,19.89,23.569,8.864,0.0,595.814
1995,300,21,20.07,22.387,9.403,0.0,511.948
1995,300,22,20.25,21.229,9.96,0.0,382.773
1995,300,23,18.63,22.997,8.833,0.0,237.2
1995,300,24,17.02,24.92,7.707,0.0,74.456
1995,301,1,15.4,27.042,6.601,0.0,0.0
1995,301,2,14.24,28.088,6.419,0.0,0.0
1995,301,3,13.08,29.15,6.262,0.0,0.0
1995,301,4,11.91,30.237,6.134,0.0,0.0
1995,301,5,10.55,33.652,5.452,0.0,0.0
1995,301,6,9.18,37.505,4.778,0.0,0.0
1995,301,7,7.82,41.801,4.107,0.0,0.0
1995,301,8,6.99,44.113,3.848,0.0,0.0
1995,301,9,6.17,46.53,3.82,0.0,0.0
1995,301,10,5.35,49.104,4.048,0.0,0.0
1995,301,11,4.76,51.13,4.054,0.0,0.0
1995,301,12,4.17,53.241,4.072,0.0,0.0
1995,301,13,3.58,55.461,4.079,0.0,0.0
1995,301,14,5.84,48.63,4.207,0.0,38.904
1995,301,15,8.11,42.705,4.468,0.0,191.344
1995,301,16,10.37,37.609,4.836,0.0,368.16
1995,301,17,12.18,32.088,5.483,0.0,512.4
1995,301,18,14.0,27.358,6.28,0.0,606.381
1995,301,19,15.81,23.342,7.186,0.0,628.929
1995,301,20,16.12,22.153,6.901,0.0,599.253
1995,301,21,16.42,21.015,6.642,0.0,514.417
1995,301,22,16.73,19.902,6.398,0.0,382.992
1995,301,23,14.84,22.669,5.082,0.0,236.048
1995,301,24,12.95,25.862,3.777,0.0,71.68
1995,302,1,11.07,29.534,2.527,0.0,0.0
1995,302,2,10.71,29.346,1.87,0.0,0.0
1995,302,3,10.36,29.112,1.45,0.0,0.0
1995,302,4,10.0,28.87,1.496,0.0,0.0
1995,302,5,8.81,32.918,1.875,0.0,0.0
1995,302,6,7.63,37.449,2.691,0.0,0.0
1995,302,7,6.44,42.569,3.673,0.0,0.0
1995,302,8,6.24,43.559,3.061,0.0,0.0
1995,302,9,6.03,44.601,2.504,0.0,0.0
1995,302,10,5.83,45.635,2.037,0.0,0.0
1995,302,11,4.92,49.486,2.317,0.0,0.0
1995,302,12,4.0,53.709,2.591,0.0,0.0
1995,302,13,3.09,58.269,2.866,0.0,0.0
1995,302,14,5.31,52.64,2.918,0.0,34.856
1995,302,15,7.53,47.556,2.981,0.0,182.192
1995,302,16,9.76,42.94,3.064,0.0,354.592
1995,302,17,13.06,34.71,4.581,0.0,494.537
1995,302,18,16.35,28.232,6.226,0.0,585.733
1995,302,19,19.65,23.068,7.908,0.0,392.807
1995,302,20,19.74,24.416,8.207,0.0,374.152
1995,302,21,19.83,25.744,8.531,0.0,320.895
1995,302,22,19.92,27.053,8.896,0.0,193.008
1995,302,23,19.1,30.205,8.136,0.0,118.288
1995,302,24,18.27,33.638,7.389,0.0,34.704
1995,303,1,17.44,37.362,6.633,0.0,0.0
1995,303,2,15.7,41.503,5.781,0.0,0.0
1995,303,3,13.97,46.135,4.928,0.0,0.0
1995,303,4,12.23,51.396,4.096,0.0,0.0
1995,303,5,11.31,54.44,3.867,0.0,0.0
1995,303,6,10.4,57.651,3.695,0.0,0.0
1995,303,7,9.49,61.074,3.579,0.0,0.0
1995,303,8,9.94,59.681,3.561,2.161,0.0
1995,303,9,10.4,58.285,3.546,0.0,0.0
1995,303,10,10.86,56.92,3.544,0.0,0.0
1995,303,11,10.87,57.802,3.495,0.0,0.0
1995,303,12,10.88,58.68,3.447,0.0,0.0
1995,303,13,10.89,59.555,3.41,0.0,0.0
1995,303,14,11.6,61.775,2.826,0.054,21.28
1995,303,15,12.31,63.687,2.24,0.234,118.976
1995,303,16,13.02,65.316,1.678,0.0,164.544
1995,303,17,13.8,65.083,2.279,0.622,229.97
1995,303,18,14.59,64.691,2.954,0.311,272.625
1995,303,19,15.37,64.234,3.66,0.07,308.134
1995,303,20,16.16,63.789,3.999,0.119,293.441
1995,303,21,16.95,63.247,4.46,0.224,251.453
1995,303,22,17.74,62.617,5.006,0.323,216.928
1995,303,23,17.05,66.543,4.538,0.232,132.224
1995,303,24,16.36,70.711,4.08,0.065,37.416
1995,304,1,15.67,75.135,3.612,0.0,0.0
1995,304,2,15.16,77.98,3.948,0.0,0.0
1995,304,3,14.66,80.89,4.284,0.0,0.0
1995,304,4,14.15,83.971,4.621,0.0,0.0
1995,304,5,13.82,85.992,4.231,0.0,0.0
1995,304,6,13.49,88.066,3.849,0.192,0.0
1995,304,7,13.17,90.134,3.494,0.057,0.0
1995,304,8,13.02,90.282,3.405,0.0,0.0
1995,304,9,12.88,90.365,3.314,0.0,0.0
1995,304,10,12.73,90.507,3.225,0.0,0.0
1995,304,11,12.64,90.65,3.134,0.0,0.0
1995,304,12,12.54,90.856,3.058,0.0,0.0
1995,304,13,12.45,90.998,2.989,0.0,0.0
1995,304,14,12.97,88.114,3.228,0.0,14.624
1995,304,15,13.48,85.384,3.476,0.0,88.072
1995,304,16,14.0,82.7,3.75,0.0,175.072
1995,304,17,14.91,78.993,4.061,0.0,245.237
1995,304,18,15.81,75.52,4.385,0.0,290.974
1995,304,19,16.72,72.167,4.711,0.0,282.288
1995,304,20,16.92,72.63,4.958,0.066,268.75
1995,304,21,17.12,73.068,5.215,0.0,230.089
1995,304,22,17.32,73.482,5.475,0.0,157.504
1995,304,23,16.9,76.77,5.183,0.0,95.472
1995,304,24,16.49,80.138,4.905,0.0,26.016
1995,305,1,16.08,83.638,4.637,0.0,0.0
1995,305,2,15.81,86.25,4.285,0.274,0.0
1995,305,3,15.54,88.933,3.943,0.0,0.0
1995,305,4,15.27,91.687,3.6,0.0,0.0
1995,305,5,14.96,92.878,4.05,0.0,0.0
1995,305,6,14.65,94.083,4.501,0.0,0.0
1995,305,7,14.34,95.306,4.95,0.006,0.0
1995,305,8,14.17,95.549,4.686,0.0,0.0
1995,305,9,13.99,95.85,4.436,0.045,0.0
1995,305,10,13.81,96.145,4.188,0.087,0.0
1995,305,11,13.71,96.396,4.164,0.091,0.0
1995,305,12,13.6,96.712,4.134,0.276,0.0
1995,305,13,13.49,97.025,4.113,0.573,0.0
1995,305,14,14.72,93.151,4.686,0.546,15.48
1995,305,15,15.95,89.361,5.27,0.214,101.4
1995,305,16,17.18,85.668,5.862,0.144,194.656
1995,305,17,18.48,77.92,5.628,0.254,263.786
1995,305,18,19.79,70.872,5.478,0.11,321.853
1995,305,19,21.1,64.502,5.413,0.111,389.316
1995,305,20,21.77,60.676,5.708,0.1,371.311
1995,305,21,22.44,57.068,6.013,0.053,319.814
1995,305,22,23.11,53.662,6.333,0.006,298.592
1995,305,23,21.85,57.805,5.127,0.03,183.296
1995,305,24,20.58,62.353,4.097,0.029,48.008
1995,306,1,19.32,67.269,3.399,0.0,0.0
1995,306,2,18.53,68.223,2.355,0.0,0.0
1995,306,3,17.74,69.117,3.623,0.0,0.0
1995,306,4,16.96,69.894,5.856,0.0,0.0
1995,306,5,14.26,75.403,6.276,0.0,0.0
1995,306,6,11.57,80.71,6.72,0.028,0.0
1995,306,7,8.87,85.607,7.201,0.0,0.0
1995,306,8,8.01,83.797,7.259,0.025,0.0
1995,306,9,7.15,81.48,7.336,0.0,0.0
1995,306,10,6.29,78.595,7.432,0.214,0.0
1995,306,11,5.75,79.462,7.498,0.0,0.0
1995,306,12,5.21,80.283,7.585,0.0,0.0
1995,306,13,4.67,81.072,7.683,0.0,0.0
1995,306,14,4.31,79.122,7.655,0.0,6.304
1995,306,15,3.95,77.015,7.688,0.0,45.424
1995,306,16,3.58,74.795,7.774,0.0,80.176
1995,306,17,3.3,74.724,7.298,0.0,108.902
1995,306,18,3.03,74.559,6.83,0.55,133.011
1995,306,19,2.75,74.425,6.375,0.203,115.26
1995,306,20,2.64,71.106,6.462,0.0,109.907
1995,306,21,2.54,67.681,6.555,0.0,94.582
1995,306,22,2.44,64.202,6.651,0.0,103.792
1995,306,23,2.15,63.299,5.623,0.0,63.36
1995,306,24,1.86,62.33,4.596,0.0,15.92
1995,307,1,1.57,61.293,3.57,0.0,0.0
1995,307,2,0.56,65.622,3.437,0.0,0.0
1995,307,3,-0.449,70.286,3.337,0.0,0.0
1995,307,4,-1.459,75.322,3.247,0.0,0.0
1995,307,5,-2.409,76.393,3.281,0.0,0.0
1995,307,6,-3.359,77.264,3.344,0.0,0.0
1995,307,7,-4.309,77.899,3.41,0.0,0.0
1995,307,8,-4.25,78.049,3.245,0.0,0.0
1995,307,9,-4.179,78.153,3.107,0.0,0.0
1995,307,10,-4.119,78.316,2.985,0.0,0.0
1995,307,11,-5.099,79.27,3.128,0.0,0.0
1995,307,12,-6.079,79.955,3.271,0.0,0.0
1995,307,13,-7.059,80.326,3.425,0.0,0.0
1995,307,14,-5.279,73.178,3.585,0.0,19.456
1995,307,15,-3.489,66.646,3.749,0.0,156.336
1995,307,16,-1.709,60.766,3.925,0.0,316.128
1995,307,17,-0.169,52.532,4.028,0.0,430.384
1995,307,18,1.36,45.462,4.152,0.0,526.168
1995,307,19,2.9,39.319,4.3,0.0,546.977
1995,307,20,3.64,36.918,3.841,0.0,521.467
1995,307,21,4.38,34.663,3.427,0.0,448.42
1995,307,22,5.12,32.56,3.051,0.0,337.504
1995,307,23,4.03,34.98,2.46,0.0,204.88
1995,307,24,2.94,37.597,1.936,0.0,49.28
1995,308,1,1.86,40.418,1.542,0.0,0.0
1995,308,2,1.28,41.1,1.541,0.0,0.0
1995,308,3,0.7,41.788,1.632,0.0,0.0
1995,308,4,0.12,42.462,1.818,0.0,0.0
1995,308,5,-0.869,46.547,2.099,0.0,0.0
1995,308,6,-1.869,51.083,2.437,0.0,0.0
1995,308,7,-2.859,56.022,2.832,0.0,0.0
1995,308,8,-3.179,57.474,2.505,0.0,0.0
1995,308,9,-3.5,58.963,2.21,0.0,0.0
1995,308,10,-3.829,60.54,1.952,0.0,0.0
1995,308,11,-4.109,61.63,1.664,0.0,0.0
1995,308,12,-4.389,62.742,1.413,0.0,0.0
1995,308,13,-4.669,63.862,1.206,0.0,0.0
1995,308,14,-3.0,59.434,0.715,0.0,16.648
1995,308,15,-1.339,55.306,0.345,0.0,151.92
1995,308,16,0.33,51.381,0.498,0.0,309.568
1995,308,17,2.65,45.105,1.041,0.0,422.474
1995,308,18,4.98,39.647,1.592,0.0,517.033
1995,308,19,7.31,34.908,2.148,0.0,535.464
1995,308,20,8.12,32.785,2.52,0.0,510.395
1995,308,21,8.93,30.803,2.934,0.0,438.549
1995,308,22,9.74,28.952,3.374,0.0,320.576
1995,308,23,8.22,33.704,3.424,0.0,193.536
1995,308,24,6.7,39.198,3.475,0.0,44.456
1995,309,1,5.18,45.549,3.516,0.0,0.0
1995,309,2,4.93,46.717,3.16,0.0,0.0
1995,309,3,4.69,47.89,2.843,0.0,0.0
1995,309,4,4.45,49.082,2.578,0.0,0.0
1995,309,5,4.38,51.212,2.823,0.0,0.0
1995,309,6,4.3,53.396,3.093,0.0,0.0
1995,309,7,4.23,55.559,3.386,0.0,0.0
1995,309,8,4.45,59.775,3.558,0.035,0.0
1995,309,9,4.66,63.896,3.876,0.0,0.0
1995,309,10,4.88,67.83,4.288,0.0,0.0
1995,309,11,5.13,66.213,4.943,0.0,0.0
1995,309,12,5.38,64.625,5.632,0.0,0.0
1995,309,13,5.64,63.032,6.326,0.0,0.0
1995,309,14,6.24,61.068,6.897,0.0,8.32
1995,309,15,6.83,59.217,7.479,0.0,88.352
1995,309,16,7.43,57.38,8.069,0.0,269.2
1995,309,17,8.56,55.12,8.03,0.0,368.317
1995,309,18,9.69,52.914,7.983,0.0,451.214
1995,309,19,10.82,50.77,7.949,0.0,516.628
1995,309,20,11.5,50.21,7.723,0.0,492.374
1995,309,21,12.18,49.612,7.504,0.0,422.735
1995,309,22,12.86,48.977,7.313,0.0,311.248
1995,309,23,11.28,55.707,6.197,0.0,186.88
1995,309,24,9.7,63.406,5.093,0.0,40.904
1995,310,1,8.11,72.265,4.004,0.0,0.0
1995,310,2,7.69,74.577,4.393,0.0,0.0
1995,310,3,7.26,77.021,4.801,0.0,0.0
1995,310,4,6.83,79.55,5.232,0.0,0.0
1995,310,5,6.27,82.997,5.302,0.0,0.0
1995,310,6,5.72,86.55,5.432,0.0,0.0
1995,310,7,5.16,90.332,5.607,0.0,0.0
1995,310,8,4.76,92.226,5.405,0.0,0.0
1995,310,9,4.36,94.165,5.215,0.0,0.0
1995,310,10,3.95,96.215,5.04,0.0,0.0
1995,310,11,4.07,96.421,5.27,0.0,0.0
1995,310,12,4.18,96.68,5.521,0.0,0.0
1995,310,13,4.3,96.859,5.771,0.0,0.0
1995,310,14,5.83,91.998,6.192,0.0,9.832
1995,310,15,7.37,87.173,6.653,0.0,125.712
1995,310,16,8.91,82.492,7.149,0.0,233.36
1995,310,17,11.26,76.767,7.654,0.0,320.093
1995,310,18,13.62,71.111,8.177,0.0,392.569
1995,310,19,15.98,65.668,8.706,0.0,449.579
1995,310,20,16.92,64.57,8.359,0.0,428.426
1995,310,21,17.87,63.356,8.022,0.0,367.566
1995,310,22,18.81,62.123,7.692,0.0,298.144
1995,310,23,17.55,68.07,6.201,0.0,178.016
1995,310,24,16.29,74.629,4.709,0.0,37.032
1995,311,1,15.03,81.877,3.222,0.0,0.0
1995,311,2,14.84,83.626,2.55,0.0,0.0
1995,311,3,14.64,85.466,1.886,0.0,0.0
1995,311,4,14.45,87.284,1.26,0.0,0.0
1995,311,5,13.89,88.42,0.28,0.0,0.0
1995,311,6,13.32,89.588,1.651,0.0,0.0
1995,311,7,12.76,90.667,3.089,0.0,0.0
1995,311,8,12.0,90.564,3.892,0.0,0.0
1995,311,9,11.24,90.223,4.701,0.0,0.0
1995,311,10,10.47,89.682,5.514,0.0,0.0
1995,311,11,9.06,90.765,4.839,0.0,0.0
1995,311,12,7.64,91.33,4.171,0.0,0.0
1995,311,13,6.23,91.098,3.524,0.0,0.0
1995,311,14,6.93,82.926,3.637,0.0,8.312
1995,311,15,7.64,75.278,3.855,0.0,134.976
1995,311,16,8.34,68.218,4.152,0.0,280.976
1995,311,17,9.96,56.958,4.621,0.0,386.397
1995,311,18,11.59,47.324,5.079,0.0,474.42
1995,311,19,13.22,39.114,5.54,0.0,514.065
1995,311,20,13.4,36.28,5.99,0.0,489.815
1995,311,21,13.58,33.5,6.473,0.0,419.939
1995,311,22,13.76,30.782,6.994,0.0,308.032
1995,311,23,11.67,36.085,6.043,0.0,182.912
1995,311,24,9.57,42.408,5.091,0.0,36.064
1995,312,1,7.47,49.933,4.157,0.0,0.0
1995,312,2,6.08,54.159,4.075,0.0,0.0
1995,312,3,4.69,58.788,4.042,0.0,0.0
1995,312,4,3.3,63.877,4.061,0.0,0.0
1995,312,5,2.07,67.889,3.756,0.0,0.0
1995,312,6,0.84,72.167,3.49,0.0,0.0
1995,312,7,-0.389,76.718,3.263,0.0,0.0
1995,312,8,-0.889,77.337,2.769,0.0,0.0
1995,312,9,-1.379,77.848,2.301,0.0,0.0
1995,312,10,-1.869,78.306,1.874,0.0,0.0
1995,312,11,-2.139,78.792,1.464,0.0,0.0
1995,312,12,-2.409,79.261,1.063,0.0,0.0
1995,312,13,-2.679,79.723,0.68,0.0,0.0
1995,312,14,-1.309,72.221,0.884,0.0,5.304
1995,312,15,0.05,65.547,1.147,0.0,119.584
1995,312,16,1.41,59.551,1.428,0.0,287.296
1995,312,17,3.09,51.543,1.612,0.0,396.139
1995,312,18,4.76,44.691,2.028,0.0,486.93
1995,312,19,6.44,38.753,2.574,0.0,505.953
1995,312,20,7.28,36.744,2.98,0.0,482.031
1995,312,21,8.12,34.853,3.494,0.0,412.976
1995,312,22,8.96,33.065,4.085,0.0,301.152
1995,312,23,7.44,37.911,3.907,0.0,177.872
1995,312,24,5.91,43.495,3.785,0.0,33.136
1995,313,1,4.39,49.887,3.729,0.0,0.0
1995,313,2,3.62,52.13,3.642,0.0,0.0
1995,313,3,2.85,54.498,3.56,0.0,0.0
1995,313,4,2.09,56.932,3.484,0.0,0.0
1995,313,5,1.44,61.052,3.488,0.0,0.0
1995,313,6,0.79,65.437,3.484,0.0,0.0
1995,313,7,0.14,70.119,3.485,0.0,0.0
1995,313,8,0.14,72.776,3.731,0.0,0.0
1995,313,9,0.14,75.42,4.031,0.0,0.0
1995,313,10,0.14,78.047,4.352,0.0,0.0
1995,313,11,0.72,77.881,5.065,0.0,0.0
1995,313,12,1.29,77.657,5.801,0.0,0.0
1995,313,13,1.86,77.335,6.57,0.0,0.0
1995,313,14,3.89,71.086,7.414,0.0,3.488
1995,313,15,5.93,65.222,8.281,0.0,131.568
1995,313,16,7.96,59.836,9.155,0.0,279.728
1995,313,17,10.64,55.884,10.174,0.0,386.748
1995,313,18,13.31,51.821,11.2,0.0,475.923
1995,313,19,15.99,47.745,12.228,0.0,491.344
1995,313,20,17.04,49.084,12.224,0.0,468.079
1995,313,21,18.09,50.067,12.213,0.0,400.768
1995,313,22,19.14,50.736,12.215,0.0,289.968
1995,313,23,18.4,54.913,11.58,0.0,170.336
1995,313,24,17.66,59.384,10.956,0.0,29.888
1995,314,1,16.92,64.174,10.334,0.0,0.0
1995,314,2,16.85,65.833,10.458,0.0,0.0
1995,314,3,16.79,67.461,10.598,0.0,0.0
1995,314,4,16.72,69.147,10.747,0.0,0.0
1995,314,5,16.77,70.987,10.609,0.0,0.0
1995,314,6,16.81,72.863,10.461,0.0,0.0
1995,314,7,16.86,74.679,10.328,0.0,0.0
1995,314,8,16.18,79.127,9.665,0.0,0.0
1995,314,9,15.51,83.784,9.004,0.0,0.0
1995,314,10,14.84,88.715,8.344,0.0,0.0
1995,314,11,14.39,90.92,7.446,0.0,0.0
1995,314,12,13.94,93.19,6.542,0.0,0.0
1995,314,13,13.49,95.52,5.649,0.0,0.0
1995,314,14,14.55,91.569,5.781,0.0,1.0
1995,314,15,15.61,87.769,5.904,0.0,125.92
1995,314,16,16.67,84.121,6.037,0.0,249.04
1995,314,17,18.38,76.755,6.002,0.0,345.273
1995,314,18,20.08,70.157,5.971,0.0,425.41
1995,314,19,21.79,64.159,5.944,0.0,341.918
1995,314,20,21.19,63.166,3.756,0.0,325.711
1995,314,21,20.58,62.052,3.89,0.0,278.69
1995,314,22,19.98,60.728,6.182,0.0,152.256
1995,314,23,15.5,66.056,7.794,0.0,88.96
1995,314,24,11.01,68.988,9.89,0.0,14.648
1995,315,1,6.53,66.74,12.214,0.237,0.0
1995,315,2,4.51,70.252,11.775,0.097,0.0
1995,315,3,2.49,73.439,11.364,0.033,0.0
1995,315,4,0.46,76.14,10.981,0.075,0.0
1995,315,5,-0.129,78.053,10.139,0.178,0.0
1995,315,6,-0.729,80.052,9.458,0.155,0.0
1995,315,7,-1.319,82.031,8.967,0.074,0.0
1995,315,8,-1.619,80.483,8.405,0.16,0.0
1995,315,9,-1.919,78.819,7.83,0.01,0.0
1995,315,10,-2.219,77.039,7.254,0.0,0.0
1995,315,11,-3.029,77.912,6.344,0.0,0.0
1995,315,12,-3.839,78.632,5.46,0.0,0.0
1995,315,13,-4.649,79.157,4.634,0.0,0.0
1995,315,14,-4.25,75.827,5.021,0.0,0.0
1995,315,15,-3.849,72.633,5.417,0.0,131.744
1995,315,16,-3.459,69.633,5.841,0.0,286.512
1995,315,17,-1.879,58.408,5.41,0.0,398.351
1995,315,18,-0.309,48.926,5.0,0.0,491.399
1995,315,19,1.26,40.872,4.591,0.0,509.437
1995,315,20,2.19,38.421,3.645,0.0,485.293
1995,315,21,3.12,36.14,3.146,0.0,414.99
1995,315,22,4.05,34.005,3.31,0.0,299.936
1995,315,23,2.61,38.978,2.616,0.0,174.352
1995,315,24,1.17,44.691,2.756,0.0,26.832
1995,316,1,-0.269,51.235,3.644,0.0,0.0
1995,316,2,-1.039,54.3,3.585,0.0,0.0
1995,316,3,-1.799,57.542,3.516,0.0,0.0
1995,316,4,-2.569,61.027,3.447,0.0,0.0
1995,316,5,-2.789,64.657,3.842,0.0,0.0
1995,316,6,-3.0,68.345,4.23,0.0,0.0
1995,316,7,-3.219,72.174,4.62,0.0,0.0
1995,316,8,-3.059,73.283,5.052,0.0,0.0
1995,316,9,-2.899,74.354,5.479,0.0,0.0
1995,316,10,-2.739,75.385,5.911,0.0,0.0
1995,316,11,-2.729,76.572,5.9,0.0,0.0
1995,316,12,-2.719,77.75,5.89,0.0,0.0
1995,316,13,-2.699,78.879,5.904,0.0,0.0
1995,316,14,-0.879,70.547,6.351,0.0,0.0
1995,316,15,0.95,63.149,6.827,0.0,122.616
1995,316,16,2.78,56.606,7.327,0.0,270.464
1995,316,17,5.67,48.084,7.504,0.0,377.135
1995,316,18,8.56,40.969,7.7,0.0,465.802
1995,316,19,11.45,35.014,7.921,0.0,472.112
1995,316,20,12.6,34.601,7.359,0.0,449.741
1995,316,21,13.74,34.107,6.798,0.0,384.358
1995,316,22,14.89,33.503,6.269,0.0,188.272
1995,316,23,13.7,38.412,5.182,0.0,108.872
1995,316,24,12.52,43.897,4.141,0.0,15.592
1995,317,1,11.33,50.088,3.188,0.0,0.0
1995,317,2,10.41,53.468,3.051,0.0,0.0
1995,317,3,9.5,57.057,2.992,0.0,0.0
1995,317,4,8.58,60.96,2.998,0.0,0.0
1995,317,5,8.0,63.742,1.123,0.0,0.0
1995,317,6,7.42,66.665,0.99,0.0,0.0
1995,317,7,6.83,69.779,2.846,0.0,0.0
1995,317,8,5.85,74.109,2.951,0.0,0.0
1995,317,9,4.87,78.743,3.079,0.0,0.0
1995,317,10,3.89,83.709,3.231,0.0,0.0
1995,317,11,3.42,86.169,3.107,0.0,0.0
1995,317,12,2.95,88.705,3.022,0.0,0.0
1995,317,13,2.48,91.334,2.976,0.0,0.0
1995,317,14,3.89,84.889,3.415,0.0,0.0
1995,317,15,5.3,78.939,3.883,0.0,97.904
1995,317,16,6.71,73.442,4.378,0.0,143.408
1995,317,17,7.54,68.217,4.713,0.0,200.549
1995,317,18,8.37,63.362,5.058,0.0,248.025
1995,317,19,9.19,58.895,5.393,0.0,209.563
1995,317,20,9.46,56.816,5.192,0.0,199.636
1995,317,21,9.72,54.832,5.03,0.0,170.528
1995,317,22,9.98,52.897,4.888,0.0,266.864
1995,317,23,8.33,58.408,4.521,0.0,153.536
1995,317,24,6.68,64.571,4.17,0.0,20.368
1995,318,1,5.02,71.53,3.818,0.0,0.0
1995,318,2,4.17,73.854,3.801,0.0,0.0
1995,318,3,3.32,76.21,3.796,0.0,0.0
1995,318,4,2.47,78.607,3.783,0.0,0.0
1995,318,5,2.09,77.638,3.113,0.0,0.0
1995,318,6,1.71,76.564,2.451,0.0,0.0
1995,318,7,1.33,75.376,1.804,0.0,0.0
1995,318,8,0.79,76.0,1.364,0.0,0.0
1995,318,9,0.25,76.569,1.359,0.0,0.0
1995,318,10,-0.279,77.009,1.781,0.0,0.0
1995,318,11,-1.179,79.199,2.038,0.0,0.0
1995,318,12,-2.069,81.309,2.459,0.0,0.0
1995,318,13,-2.969,83.431,2.982,0.0,0.0
1995,318,14,-1.389,79.944,2.909,0.0,0.0
1995,318,15,0.19,76.329,2.838,0.0,118.816
1995,318,16,1.76,72.71,2.786,0.0,267.632
1995,318,17,4.96,61.518,3.394,0.0,375.392
1995,318,18,8.16,52.167,3.988,0.0,464.863
1995,318,19,11.36,44.349,4.589,0.0,472.002
1995,318,20,12.18,42.243,4.791,0.0,449.672
1995,318,21,13.0,40.251,4.996,0.0,383.91
1995,318,22,13.82,38.365,5.224,0.0,259.968
1995,318,23,12.26,43.634,4.584,0.0,148.832
1995,318,24,10.7,49.651,4.082,0.0,18.184
1995,319,1,9.15,56.488,3.773,0.0,0.0
1995,319,2,9.15,56.749,3.707,0.0,0.0
1995,319,3,9.16,56.97,3.63,0.0,0.0
1995,319,4,9.16,57.233,3.555,0.0,0.0
1995,319,5,9.03,58.016,3.612,0.0,0.0
1995,319,6,8.89,58.847,3.67,0.0,0.0
1995,319,7,8.75,59.696,3.741,0.0,0.0
1995,319,8,7.9,64.378,2.981,0.0,0.0
1995,319,9,7.04,69.487,2.231,0.0,0.0
1995,319,10,6.18,75.005,1.504,0.0,0.0
1995,319,11,6.13,76.795,0.206,0.0,0.0
1995,319,12,6.08,78.59,1.877,0.0,0.0
1995,319,13,6.03,80.4,3.571,0.0,0.0
1995,319,14,6.41,79.583,4.346,0.0,0.0
1995,319,15,6.79,78.77,5.132,0.0,71.168
1995,319,16,7.18,77.89,5.917,0.0,197.312
1995,319,17,8.23,71.798,5.969,0.0,277.624
1995,319,18,9.29,66.167,6.03,0.0,344.247
1995,319,19,10.34,61.049,6.091,0.0,436.026
1995,319,20,10.65,58.15,5.575,0.0,415.431
1995,319,21,10.97,55.311,5.089,0.0,354.493
1995,319,22,11.28,52.602,4.63,0.0,259.776
1995,319,23,10.11,56.495,3.927,0.0,147.984
1995,319,24,8.93,60.758,3.255,0.0,16.56
1995,320,1,7.76,65.35,2.639,0.0,0.0
1995,320,2,7.38,67.015,2.482,0.0,0.0
1995,320,3,7.0,68.723,2.349,0.0,0.0
1995,320,4,6.62,70.484,2.256,0.0,0.0
1995,320,5,5.64,72.818,1.805,0.0,0.0
1995,320,6,4.67,75.128,2.038,0.0,0.0
1995,320,7,3.69,77.499,2.796,0.0,0.0
1995,320,8,2.9,79.388,3.008,0.0,0.0
1995,320,9,2.11,81.279,3.246,0.0,0.0
1995,320,10,1.33,83.094,3.496,0.0,0.0
1995,320,11,0.79,84.334,3.48,0.0,0.0
1995,320,12,0.25,85.56,3.478,0.0,0.0
1995,320,13,-0.289,86.758,3.469,0.0,0.0
1995,320,14,1.34,81.413,3.181,0.0,0.0
1995,320,15,2.97,76.298,2.976,0.0,111.536
1995,320,16,4.61,71.392,2.867,0.0,260.079
1995,320,17,7.41,62.805,3.924,0.0,367.069
1995,320,18,10.22,55.224,5.008,0.0,455.77
1995,320,19,13.02,48.621,6.088,0.0,471.885
1995,320,20,13.82,46.111,6.802,0.303,449.646
1995,320,21,14.61,43.776,7.544,0.0,383.535
1995,320,22,15.41,41.546,8.285,0.0,274.336
1995,320,23,13.85,46.173,7.523,0.0,155.536
1995,320,24,12.29,51.381,6.781,0.0,15.824
1995,321,1,10.73,57.241,6.056,0.0,0.0
1995,321,2,9.93,59.267,5.909,0.0,0.0
1995,321,3,9.14,61.325,5.77,0.0,0.0
1995,321,4,8.35,63.457,5.644,0.0,0.0
1995,321,5,7.5,67.548,5.212,0.0,0.0
1995,321,6,6.64,71.98,4.796,0.0,0.0
1995,321,7,5.79,76.684,4.389,0.0,0.0
1995,321,8,5.53,78.19,4.579,0.0,0.0
1995,321,9,5.27,79.727,4.781,0.0,0.0
1995,321,10,5.01,81.302,4.984,0.0,0.0
1995,321,11,4.5,83.709,4.618,0.0,0.0
1995,321,12,4.0,86.131,4.272,0.0,0.0
1995,321,13,3.5,88.638,3.942,0.0,0.0
1995,321,14,5.01,80.946,3.851,0.0,0.0
1995,321,15,6.52,74.001,3.855,0.0,111.28
1995,321,16,8.03,67.721,3.924,0.0,251.232
1995,321,17,10.55,59.434,3.206,0.0,355.717
1995,321,18,13.06,52.293,2.883,0.0,442.291
1995,321,19,15.58,46.064,3.102,0.0,469.553
1995,321,20,16.07,44.658,3.575,0.0,447.482
1995,321,21,16.56,43.299,4.13,0.0,381.528
1995,321,22,17.06,41.961,4.745,0.0,273.168
1995,321,23,15.0,47.233,4.241,0.0,154.16
1995,321,24,12.95,53.234,3.734,0.0,14.152
1995,322,1,10.9,60.113,3.242,0.0,0.0
1995,322,2,9.77,63.038,2.906,0.0,0.0
1995,322,3,8.65,66.05,2.711,0.0,0.0
1995,322,4,7.52,69.231,2.67,0.0,0.0
1995,322,5,7.09,68.826,2.191,0.0,0.0
1995,322,6,6.65,68.384,1.716,0.0,0.0
1995,322,7,6.22,67.815,1.249,0.0,0.0
1995,322,8,5.5,69.351,1.256,0.0,0.0
1995,322,9,4.79,70.829,1.252,0.0,0.0
1995,322,10,4.08,72.31,1.251,0.0,0.0
1995,322,11,3.53,73.493,0.27,0.0,0.0
1995,322,12,2.98,74.678,0.725,0.0,0.0
1995,322,13,2.44,75.798,1.718,0.0,0.0
1995,322,14,3.12,74.809,1.39,0.0,0.0
1995,322,15,3.8,73.765,1.14,0.0,106.416
1995,322,16,4.48,72.67,1.006,0.0,252.528
1995,322,17,7.32,62.244,1.598,0.0,358.688
1995,322,18,10.17,53.42,2.219,0.0,446.625
1995,322,19,13.02,45.971,2.854,0.0,466.784
1995,322,20,14.23,42.202,3.555,0.0,444.911
1995,322,21,15.43,38.795,4.261,0.0,379.202
1995,322,22,16.64,35.662,4.972,0.0,272.8
1995,322,23,14.62,40.895,4.679,0.0,153.264
1995,322,24,12.61,46.953,4.397,0.0,12.576
1995,323,1,10.59,54.058,4.106,0.0,0.0
1995,323,2,9.38,58.089,4.02,0.0,0.0
1995,323,3,8.18,62.419,3.956,0.0,0.0
1995,323,4,6.98,67.119,3.914,0.0,0.0
1995,323,5,6.18,70.317,3.829,0.0,0.0
1995,323,6,5.38,73.685,3.759,0.0,0.0
1995,323,7,4.59,77.183,3.692,0.0,0.0
1995,323,8,3.99,78.914,3.64,0.0,0.0
1995,323,9,3.39,80.668,3.6,0.0,0.0
1995,323,10,2.79,82.443,3.583,0.0,0.0
1995,323,11,2.38,83.009,3.556,0.0,0.0
1995,323,12,1.96,83.613,3.535,0.0,0.0
1995,323,13,1.55,84.11,3.52,0.0,0.0
1995,323,14,3.26,77.511,3.693,0.0,0.0
1995,323,15,4.97,71.444,3.88,0.0,102.456
1995,323,16,6.69,65.818,4.069,0.0,248.224
1995,323,17,10.33,56.837,4.674,0.0,353.742
1995,323,18,13.97,48.974,5.366,0.0,441.091
1995,323,19,17.61,42.158,6.128,0.0,460.26
1995,323,20,18.74,42.963,6.415,0.0,438.767
1995,323,21,19.87,43.479,6.718,0.0,373.831
1995,323,22,20.99,43.774,7.014,0.0,260.48
1995,323,23,18.85,50.933,6.045,0.0,145.696
1995,323,24,16.7,59.411,5.078,0.0,10.568
1995,324,1,14.55,69.433,4.123,0.0,0.0
1995,324,2,13.82,70.836,3.636,0.0,0.0
1995,324,3,13.1,72.183,3.199,0.0,0.0
1995,324,4,12.37,73.561,2.818,0.0,0.0
1995,324,5,11.64,74.506,2.17,0.0,0.0
1995,324,6,10.91,75.384,2.155,0.0,0.0
1995,324,7,10.19,76.129,2.783,0.0,0.0
1995,324,8,9.13,78.34,2.844,0.0,0.0
1995,324,9,8.08,80.46,3.168,0.0,0.0
1995,324,10,7.02,82.563,3.686,0.0,0.0
1995,324,11,6.12,84.296,3.605,0.0,0.0
1995,324,12,5.21,86.015,3.545,0.0,0.0
1995,324,13,4.31,87.563,3.518,0.0,0.0
1995,324,14,5.32,81.641,3.531,0.0,0.0
1995,324,15,6.34,76.116,3.544,0.0,100.624
1995,324,16,7.36,70.997,3.554,0.0,247.056
1995,324,17,9.86,56.854,3.287,0.0,353.242
1995,324,18,12.37,45.513,3.03,0.0,441.129
1995,324,19,14.87,36.456,2.8,0.0,457.875
1995,324,20,15.33,32.494,3.277,0.0,436.594
1995,324,21,15.79,28.734,3.871,0.0,371.873
1995,324,22,16.25,25.166,4.521,0.0,217.12
1995,324,23,14.5,28.509,3.85,0.0,120.928
1995,324,24,12.76,32.315,3.281,0.0,7.656
1995,325,1,11.02,36.679,2.876,0.0,0.0
1995,325,2,10.2,37.571,3.224,0.0,0.0
1995,325,3,9.38,38.459,3.574,0.0,0.0
1995,325,4,8.56,39.336,3.931,0.0,0.0
1995,325,5,7.28,41.793,3.94,0.0,0.0
1995,325,6,6.0,44.418,3.954,0.0,0.0
1995,325,7,4.73,47.172,3.978,0.0,0.0
1995,325,8,3.9,48.38,3.524,0.0,0.0
1995,325,9,3.07,49.576,3.156,0.0,0.0
1995,325,10,2.24,50.769,2.902,0.0,0.0
1995,325,11,1.44,52.144,2.938,0.0,0.0
1995,325,12,0.65,53.493,3.061,0.0,0.0
1995,325,13,-0.149,54.885,3.268,0.0,0.0
1995,325,14,1.22,49.703,3.086,0.0,0.0
1995,325,15,2.59,45.06,2.905,0.0,102.352
1995,325,16,3.95,40.925,2.734,0.0,253.152
1995,325,17,6.32,34.157,2.502,0.0,363.163
1995,325,18,8.68,28.604,2.618,0.0,454.196
1995,325,19,11.04,24.019,3.023,0.0,475.685
1995,325,20,11.6,23.049,2.596,0.0,453.679
1995,325,21,12.17,22.106,2.255,0.0,386.334
1995,325,22,12.73,21.214,2.044,0.0,271.84
1995,325,23,11.29,23.407,0.966,0.0,150.816
1995,325,24,9.85,25.857,0.164,0.0,8.208
1995,326,1,8.4,28.607,1.208,0.0,0.0
1995,326,2,7.01,30.6,1.942,0.0,0.0
1995,326,3,5.62,32.741,2.739,0.0,0.0
1995,326,4,4.22,35.06,3.56,0.0,0.0
1995,326,5,3.43,38.477,3.611,0.0,0.0
1995,326,6,2.64,42.186,3.663,0.0,0.0
1995,326,7,1.85,46.213,3.716,0.0,0.0
1995,326,8,1.29,48.865,3.618,0.0,0.0
1995,326,9,0.74,51.621,3.544,0.0,0.0
1995,326,10,0.18,54.571,3.471,0.0,0.0
1995,326,11,-0.059,57.9,3.513,0.0,0.0
1995,326,12,-0.299,61.332,3.555,0.0,0.0
1995,326,13,-0.549,64.909,3.598,0.0,0.0
1995,326,14,1.68,57.335,4.057,0.0,0.0
1995,326,15,3.91,50.721,4.584,0.0,93.912
1995,326,16,6.14,44.948,5.152,0.0,226.72
1995,326,17,9.33,44.539,5.721,0.0,326.368
1995,326,18,12.52,42.791,6.34,0.0,408.778
1995,326,19,15.71,40.285,6.995,0.0,408.236
1995,326,20,16.55,43.73,6.418,0.0,389.443
1995,326,21,17.39,46.712,5.91,0.0,331.553
1995,326,22,18.23,49.278,5.491,0.0,245.184
1995,326,23,16.72,54.654,4.444,0.0,135.504
1995,326,24,15.2,60.716,3.679,0.0,6.208
1995,327,1,13.68,67.527,3.363,0.0,0.0
1995,327,2,13.21,63.055,3.292,0.0,0.0
1995,327,3,12.74,58.221,4.37,0.0,0.0
1995,327,4,12.27,53.009,5.997,0.0,0.0
1995,327,5,11.18,50.653,6.357,0.0,0.0
1995,327,6,10.09,47.665,6.798,0.0,0.0
1995,327,7,9.01,43.92,7.287,0.0,0.0
1995,327,8,7.94,46.606,6.711,0.0,0.0
1995,327,9,6.87,49.471,6.128,0.0,0.0
1995,327,10,5.81,52.504,5.557,0.0,0.0
1995,327,11,4.26,58.514,4.863,0.0,0.0
1995,327,12,2.72,65.258,4.184,0.0,0.0
1995,327,13,1.17,72.928,3.5,0.0,0.0
1995,327,14,1.49,68.683,4.198,0.0,0.0
1995,327,15,1.81,64.59,4.904,0.0,94.448
1995,327,16,2.13,60.65,5.602,0.0,239.152
1995,327,17,3.36,53.806,4.981,0.0,345.456
1995,327,18,4.6,47.684,4.369,0.0,433.336
1995,327,19,5.83,42.276,3.759,0.0,366.341
1995,327,20,6.26,39.953,3.82,0.0,349.573
1995,327,21,6.69,37.733,3.905,0.0,297.573
1995,327,22,7.12,35.614,4.011,0.0,174.304
1995,327,23,6.25,38.419,3.487,0.0,95.968
1995,327,24,5.38,41.459,2.989,0.0,3.6
1995,328,1,4.52,44.716,2.555,0.0,0.0
1995,328,2,3.69,45.088,2.676,0.0,0.0
1995,328,3,2.86,45.369,2.81,0.0,0.0
1995,328,4,2.03,45.529,2.957,0.0,0.0
1995,328,5,1.54,47.447,2.798,0.0,0.0
1995,328,6,1.05,49.439,2.648,0.0,0.0
1995,328,7,0.57,51.493,2.49,0.0,0.0
1995,328,8,0.44,52.309,2.11,0.0,0.0
1995,328,9,0.31,53.132,1.79,0.0,0.0
1995,328,10,0.19,53.937,1.541,0.0,0.0
1995,328,11,-0.059,54.902,1.422,0.0,0.0
1995,328,12,-0.309,55.876,1.48,0.0,0.0
1995,328,13,-0.569,56.921,1.697,0.0,0.0
1995,328,14,0.16,52.291,1.563,0.0,0.0
1995,328,15,0.88,48.038,1.53,0.0,93.656
1995,328,16,1.6,44.092,1.603,0.0,208.976
1995,328,17,3.52,38.776,2.373,0.0,302.912
1995,328,18,5.44,34.176,3.152,0.0,380.575
1995,328,19,7.36,30.181,3.95,0.0,405.458
1995,328,20,8.69,29.935,4.65,0.0,387.008
1995,328,21,10.01,29.551,5.353,0.0,329.389
1995,328,22,11.34,29.02,6.066,0.0,256.512
1995,328,23,9.93,33.945,5.75,0.0,140.752
1995,328,24,8.52,39.601,5.463,0.0,4.176
1995,329,1,7.11,46.087,5.2,0.0,0.0
1995,329,2,6.62,48.264,5.01,0.0,0.0
1995,329,3,6.13,50.536,4.946,0.0,0.0
1995,329,4,5.63,52.953,5.005,0.0,0.0
1995,329,5,4.54,57.727,4.554,0.0,0.0
1995,329,6,3.44,63.01,4.106,0.0,0.0
1995,329,7,2.34,68.815,3.656,0.0,0.0
1995,329,8,1.76,72.377,3.621,0.0,0.0
1995,329,9,1.18,76.128,3.579,0.0,0.0
1995,329,10,0.6,80.083,3.549,0.0,0.0
1995,329,11,0.21,82.123,3.507,0.0,0.0
1995,329,12,-0.179,84.238,3.481,0.0,0.0
1995,329,13,-0.559,86.338,3.454,0.0,0.0
1995,329,14,0.89,80.121,3.335,0.0,0.0
1995,329,15,2.35,74.329,3.226,0.0,89.152
1995,329,16,3.81,68.983,3.104,0.0,232.048
1995,329,17,7.27,57.028,3.31,0.0,337.552
1995,329,18,10.73,47.334,3.519,0.0,424.766
1995,329,19,14.19,39.448,3.726,0.0,446.317
1995,329,20,15.55,37.114,4.02,0.0,426.149
1995,329,21,16.91,34.925,4.313,0.0,362.666
1995,329,22,18.27,32.871,4.608,0.0,251.104
1995,329,23,16.03,38.937,4.529,0.0,137.328
1995,329,24,13.78,46.231,4.462,0.0,3.048
1995,330,1,11.53,54.992,4.387,0.0,0.0
1995,330,2,10.48,58.868,4.324,0.0,0.0
1995,330,3,9.42,63.1,4.252,0.0,0.0
1995,330,4,8.36,67.68,4.191,0.0,0.0
1995,330,5,7.69,71.015,4.201,0.0,0.0
1995,330,6,7.02,74.537,4.208,0.0,0.0
1995,330,7,6.35,78.247,4.228,0.0,0.0
1995,330,8,5.74,80.561,4.185,0.0,0.0
1995,330,9,5.13,82.942,4.145,0.0,0.0
1995,330,10,4.51,85.464,4.113,0.0,0.0
1995,330,11,4.32,86.137,4.272,0.0,0.0
1995,330,12,4.13,86.817,4.422,0.0,0.0
1995,330,13,3.94,87.502,4.581,0.0,0.0
1995,330,14,5.43,82.731,5.116,0.0,0.0
1995,330,15,6.91,78.198,5.645,0.0,87.84
1995,330,16,8.4,73.793,6.182,0.0,229.632
1995,330,17,11.11,65.353,6.832,0.0,335.232
1995,330,18,13.82,57.892,7.482,0.0,422.508
1995,330,19,16.54,51.277,8.132,0.0,419.138
1995,330,20,17.27,50.183,8.644,0.0,400.338
1995,330,21,18.01,49.063,9.149,0.0,340.685
1995,330,22,18.75,47.946,9.669,0.0,261.007
1995,330,23,17.69,52.457,8.978,0.0,142.312
1995,330,24,16.63,57.39,8.29,0.0,2.16
1995,331,1,15.56,62.826,7.612,0.0,0.0
1995,331,2,15.01,64.919,7.644,0.0,0.0
1995,331,3,14.46,67.092,7.68,0.0,0.0
1995,331,4,13.91,69.346,7.717,0.0,0.0
1995,331,5,13.01,73.308,6.978,0.0,0.0
1995,331,6,12.11,77.534,6.256,0.0,0.0
1995,331,7,11.21,82.033,5.531,0.0,0.0
1995,331,8,10.35,83.697,4.387,0.0,0.0
1995,331,9,9.48,85.349,4.112,0.0,0.0
1995,331,10,8.61,86.93,4.844,0.0,0.0
1995,331,11,7.31,85.061,5.524,0.0,0.0
1995,331,12,6.02,82.079,6.858,0.0,0.0
1995,331,13,4.72,77.881,8.527,0.0,0.0
1995,331,14,4.55,73.57,8.454,0.0,0.0
1995,331,15,4.38,69.128,8.384,0.0,60.144
1995,331,16,4.2,64.596,8.317,0.0,122.912
1995,331,17,4.17,61.21,8.602,0.0,180.096
1995,331,18,4.14,57.794,8.902,0.0,227.344
1995,331,19,4.1,54.39,9.223,0.0,191.348
1995,331,20,3.7,54.654,9.0,0.0,182.84
1995,331,21,3.3,54.887,8.781,0.0,155.59
1995,331,22,2.9,55.09,8.561,0.0,120.384
1995,331,23,2.33,55.974,8.022,0.0,65.456
1995,331,24,1.77,56.812,7.486,0.0,0.56
1995,332,1,1.21,57.64,6.954,0.0,0.0
1995,332,2,0.67,58.728,6.936,0.0,0.0
1995,332,3,0.14,59.776,7.012,0.0,0.0
1995,332,4,-0.399,60.871,7.165,0.0,0.0
1995,332,5,-0.979,60.974,6.809,0.0,0.0
1995,332,6,-1.559,60.993,6.445,0.0,0.0
1995,332,7,-2.139,60.891,6.095,0.0,0.0
1995,332,8,-2.979,62.201,5.268,0.0,0.0
1995,332,9,-3.819,63.436,4.432,0.0,0.0
1995,332,10,-4.659,64.595,3.609,0.0,0.0
1995,332,11,-5.799,68.526,3.442,0.0,0.0
1995,332,12,-6.929,72.64,3.289,0.0,0.0
1995,332,13,-8.069,77.066,3.134,0.0,0.0
1995,332,14,-7.019,70.079,3.009,0.0,0.0
1995,332,15,-5.959,63.709,2.887,0.0,85.96
1995,332,16,-4.909,58.005,2.777,0.0,199.472
1995,332,17,-3.439,49.596,2.141,0.0,293.312
1995,332,18,-1.969,42.379,1.508,0.0,370.848
1995,332,19,-0.489,36.144,0.882,0.0,460.656
1995,332,20,0.38,34.296,0.752,0.0,440.352
1995,332,21,1.26,32.537,0.623,0.0,374.739
1995,332,22,2.14,30.869,0.501,0.0,262.544
1995,332,23,1.12,33.379,0.18,0.0,142.384
1995,332,24,0.11,36.09,0.706,0.0,0.352
1995,333,1,-0.909,39.065,1.294,0.0,0.0
1995,333,2,-1.489,39.494,1.249,0.0,0.0
1995,333,3,-2.069,39.904,1.216,0.0,0.0
1995,333,4,-2.649,40.263,1.178,0.0,0.0
1995,333,5,-3.25,43.737,1.5,0.0,0.0
1995,333,6,-3.859,47.483,1.941,0.0,0.0
1995,333,7,-4.469,51.496,2.432,0.0,0.0
1995,333,8,-5.279,55.274,2.773,0.0,0.0
1995,333,9,-6.099,59.394,3.18,0.0,0.0
1995,333,10,-6.909,63.785,3.632,0.0,0.0
1995,333,11,-7.399,67.346,3.562,0.0,0.0
1995,333,12,-7.879,71.048,3.506,0.0,0.0
1995,333,13,-8.359,74.945,3.451,0.0,0.0
1995,333,14,-7.119,70.308,3.03,0.0,0.0
1995,333,15,-5.869,65.928,2.617,0.0,80.76
1995,333,16,-4.629,61.86,2.22,0.0,225.664
1995,333,17,-1.039,51.083,2.996,0.0,333.056
1995,333,18,2.55,42.289,3.855,0.0,421.779
1995,333,19,6.13,35.135,4.733,0.0,442.666
1995,333,20,7.48,34.193,5.203,0.0,423.331
1995,333,21,8.84,33.151,5.679,0.0,360.28
1995,333,22,10.19,32.075,6.159,0.0,247.872
1995,333,23,8.5,37.975,5.656,0.0,134.128
1995,333,24,6.81,44.899,5.158,0.0,0.0
1995,334,1,5.13,52.992,4.667,0.0,0.0
1995,334,2,4.14,57.191,4.484,0.0,0.0
1995,334,3,3.15,61.747,4.294,0.0,0.0
1995,334,4,2.16,66.706,4.111,0.0,0.0
1995,334,5,1.51,71.228,4.073,0.0,0.0
1995,334,6,0.85,76.11,4.035,0.0,0.0
1995,334,7,0.19,81.317,4.0,0.0,0.0
1995,334,8,-0.019,83.401,4.051,0.0,0.0
1995,334,9,-0.229,85.539,4.11,0.0,0.0
1995,334,10,-0.439,87.713,4.177,0.0,0.0
1995,334,11,-0.809,89.032,4.209,0.0,0.0
1995,334,12,-1.169,90.305,4.25,0.0,0.0
1995,334,13,-1.539,91.639,4.291,0.0,0.0
1995,334,14,-0.289,85.936,4.776,0.0,0.0
1995,334,15,0.95,80.65,5.26,0.0,76.64
1995,334,16,2.2,75.659,5.745,0.0,220.768
1995,334,17,6.04,61.092,6.584,0.0,327.04
1995,334,18,9.88,49.581,7.446,0.0,414.839
1995,334,19,13.71,40.47,8.319,0.0,439.444
1995,334,20,15.17,37.795,8.736,0.0,420.454
1995,334,21,16.62,35.329,9.153,0.0,357.865
1995,334,22,18.08,33.019,9.571,0.0,246.464
1995,334,23,16.36,37.394,8.784,0.0,133.088
1995,334,24,14.64,42.401,8.023,0.0,0.0
1995,335,1,12.92,48.136,7.283,0.0,0.0
1995,335,2,12.16,49.0,7.418,0.0,0.0
1995,335,3,11.41,49.805,7.566,0.0,0.0
1995,335,4,10.65,50.617,7.741,0.0,0.0
1995,335,5,9.69,53.501,7.278,0.0,0.0
1995,335,6,8.73,56.573,6.822,0.0,0.0
1995,335,7,7.76,59.893,6.374,0.0,0.0
1995,335,8,6.72,64.488,5.696,0.0,0.0
1995,335,9,5.69,69.422,5.014,0.0,0.0
1995,335,10,4.65,74.836,4.346,0.0,0.0
1995,335,11,3.81,78.709,4.043,0.0,0.0
1995,335,12,2.97,82.812,3.747,0.0,0.0
1995,335,13,2.12,87.228,3.451,0.0,0.0
1995,335,14,3.12,82.629,3.152,0.0,0.0
1995,335,15,4.11,78.359,2.851,0.0,77.0
1995,335,16,5.11,74.275,2.549,0.0,226.176
1995,335,17,8.19,62.135,2.038,0.0,329.6
1995,335,18,11.28,52.155,1.531,0.0,409.876
1995,335,19,14.36,43.977,1.021,0.0,428.846
1995,335,20,15.46,41.674,1.404,0.0,411.894
1995,335,21,16.56,39.504,2.077,0.0,368.748
1995,335,22,17.66,37.459,2.83,0.0,235.376
1995,335,23,16.11,41.714,2.608,0.0,126.864
1995,335,24,14.56,46.504,2.386,0.0,0.0
1995,336,1,13.0,51.935,2.168,0.0,0.0
1995,336,2,11.86,54.805,2.427,0.0,0.0
1995,336,3,10.71,57.888,2.686,0.0,0.0
1995,336,4,9.57,61.108,2.954,0.0,0.0
1995,336,5,8.6,65.797,3.191,0.0,0.0
1995,336,6,7.64,70.824,3.477,0.0,0.0
1995,336,7,6.67,76.322,3.791,0.0,0.0
1995,336,8,6.12,79.303,3.728,0.0,0.0
1995,336,9,5.57,82.416,3.679,0.0,0.0
1995,336,10,5.02,85.657,3.621,0.0,0.0
1995,336,11,4.7,87.826,3.534,0.0,0.0
1995,336,12,4.38,90.053,3.472,0.0,0.0
1995,336,13,4.07,92.271,3.43,0.0,0.0
1995,336,14,5.84,92.133,3.83,0.0,0.0
1995,336,15,7.62,90.867,4.23,0.0,73.44
1995,336,16,9.39,88.875,4.63,0.0,221.712
1995,336,17,12.51,81.731,5.616,0.0,324.288
1995,336,18,15.62,74.542,6.636,0.0,403.943
1995,336,19,18.73,67.559,7.686,0.0,423.655
1995,336,20,19.41,63.984,7.784,0.0,407.121
1995,336,21,20.1,60.566,7.942,0.0,364.536
1995,336,22,20.79,57.335,8.134,0.0,234.064
1995,336,23,18.85,63.737,6.712,0.0,125.968
1995,336,24,16.91,70.963,5.292,0.0,0.0
1995,337,1,14.97,79.135,3.909,0.0,0.0
1995,337,2,14.28,79.491,3.198,0.0,0.0
1995,337,3,13.58,79.778,2.687,0.0,0.0
1995,337,4,12.88,79.929,2.504,0.0,0.0
1995,337,5,12.16,80.81,2.354,0.0,0.0
1995,337,6,11.43,81.658,2.68,0.0,0.0
1995,337,7,10.71,82.357,3.358,0.0,0.0
1995,337,8,9.76,84.371,3.409,0.0,0.0
1995,337,9,8.81,86.328,3.558,0.0,0.0
1995,337,10,7.86,88.212,3.79,0.0,0.0
1995,337,11,6.79,89.736,3.734,0.0,0.0
1995,337,12,5.71,91.093,3.679,0.0,0.0
1995,337,13,4.64,92.108,3.648,0.0,0.0
1995,337,14,5.22,88.242,4.171,0.0,0.0
1995,337,15,5.79,84.617,4.704,0.0,74.816
1995,337,16,6.36,81.147,5.231,0.0,190.976
1995,337,17,8.27,71.029,5.36,0.0,280.384
1995,337,18,10.17,62.328,5.503,0.0,349.836
1995,337,19,12.08,54.768,5.634,0.0,389.29
1995,337,20,12.88,48.354,5.647,0.0,374.284
1995,337,21,13.69,42.432,5.67,0.0,335.214
1995,337,22,14.5,37.003,5.696,0.0,218.64
1995,337,23,12.68,40.631,5.083,0.0,117.52
1995,337,24,10.86,44.664,4.465,0.0,0.0
1995,338,1,9.04,49.146,3.845,0.0,0.0
1995,338,2,7.9,50.487,3.719,0.0,0.0
1995,338,3,6.76,51.751,3.589,0.0,0.0
1995,338,4,5.63,52.892,3.463,0.0,0.0
1995,338,5,4.85,54.887,3.207,0.0,0.0
1995,338,6,4.07,56.967,2.978,0.0,0.0
1995,338,7,3.29,59.128,2.773,0.0,0.0
1995,338,8,2.63,60.592,2.55,0.0,0.0
1995,338,9,1.97,62.086,2.348,0.0,0.0
1995,338,10,1.31,63.584,2.172,0.0,0.0
1995,338,11,0.47,66.018,2.2,0.0,0.0
1995,338,12,-0.369,68.539,2.333,0.0,0.0
1995,338,13,-1.209,71.136,2.56,0.0,0.0
1995,338,14,-0.329,68.123,2.405,0.0,0.0
1995,338,15,0.56,65.194,2.362,0.0,73.416
1995,338,16,1.44,62.432,2.433,0.0,221.808
1995,338,17,5.18,47.219,3.571,0.0,326.848
1995,338,18,8.92,35.983,5.152,0.0,408.479
1995,338,19,12.67,27.602,6.894,0.0,369.167
1995,338,20,13.44,30.06,7.41,0.0,355.132
1995,338,21,14.22,32.196,7.946,0.0,318.164
1995,338,22,15.0,34.041,8.49,0.0,169.584
1995,338,23,14.45,38.373,8.14,0.0,91.056
1995,338,24,13.9,42.969,7.782,0.0,0.0
1995,339,1,13.35,47.847,7.436,0.0,0.0
1995,339,2,12.0,51.591,6.42,0.0,0.0
1995,339,3,10.65,55.667,5.43,0.0,0.0
1995,339,4,9.3,60.118,4.483,0.0,0.0
1995,339,5,8.36,65.152,4.287,0.0,0.0
1995,339,6,7.42,70.623,4.099,0.0,0.0
1995,339,7,6.49,76.521,3.903,0.0,0.0
1995,339,8,5.96,79.617,3.818,0.0,0.0
1995,339,9,5.43,82.854,3.797,0.0,0.0
1995,339,10,4.9,86.235,3.847,0.0,0.0
1995,339,11,4.42,86.694,3.004,0.0,0.0
1995,339,12,3.94,87.086,2.753,0.0,0.0
1995,339,13,3.46,87.416,3.229,0.0,0.0
1995,339,14,4.67,70.644,4.118,0.0,0.0
1995,339,15,5.88,56.031,6.562,0.0,72.904
1995,339,16,7.1,43.282,9.429,0.0,206.848
1995,339,17,7.63,34.023,9.224,0.0,305.952
1995,339,18,8.15,25.375,9.053,0.0,382.983
1995,339,19,8.68,17.259,8.926,0.0,342.44
1995,339,20,8.63,17.187,7.912,0.0,329.61
1995,339,21,8.58,17.115,6.901,0.0,295.391
1995,339,22,8.54,17.032,5.902,0.0,142.752
1995,339,23,7.77,18.673,5.149,0.0,76.6
1995,339,24,7.01,20.431,4.423,0.0,0.0
1995,340,1,6.25,22.33,3.72,0.0,0.0
1995,340,2,4.54,23.771,3.7,0.0,0.0
1995,340,3,2.83,25.259,3.702,0.0,0.0
1995,340,4,1.12,26.78,3.699,0.0,0.0
1995,340,5,0.2,29.068,3.644,0.0,0.0
1995,340,6,-0.729,31.585,3.615,0.0,0.0
1995,340,7,-1.649,34.307,3.592,0.0,0.0
1995,340,8,-2.479,36.265,3.511,0.0,0.0
1995,340,9,-3.309,38.336,3.472,0.0,0.0
1995,340,10,-4.139,40.555,3.458,0.0,0.0
1995,340,11,-4.769,43.163,3.39,0.0,0.0
1995,340,12,-5.409,45.974,3.324,0.0,0.0
1995,340,13,-6.039,48.927,3.258,0.0,0.0
1995,340,14,-4.659,43.306,3.422,0.0,0.0
1995,340,15,-3.289,38.38,3.612,0.0,69.8
1995,340,16,-1.919,34.043,3.828,0.0,201.152
1995,340,17,0.94,26.869,4.553,0.0,298.624
1995,340,18,3.79,21.31,5.306,0.0,374.448
1995,340,19,6.65,16.946,6.092,0.0,191.372
1995,340,20,6.66,19.035,5.666,0.0,184.298
1995,340,21,6.67,21.116,5.313,0.0,165.228
1995,340,22,6.68,23.2,5.04,0.0,83.472
1995,340,23,6.19,25.121,4.599,0.0,44.768
1995,340,24,5.7,27.151,4.253,0.0,0.0
1995,341,1,5.21,29.295,4.018,0.0,0.0
1995,341,2,4.84,29.39,4.26,0.0,0.0
1995,341,3,4.47,29.463,4.525,0.0,0.0
1995,341,4,4.1,29.524,4.814,0.0,0.0
1995,341,5,3.19,34.154,4.394,0.0,0.0
1995,341,6,2.28,39.286,3.966,0.0,0.0
1995,341,7,1.37,44.968,3.546,0.0,0.0
1995,341,8,0.2,51.457,3.503,0.0,0.0
1995,341,9,-0.979,58.832,3.461,0.0,0.0
1995,341,10,-2.149,67.128,3.419,0.0,0.0
1995,341,11,-3.019,71.811,3.433,0.0,0.0
1995,341,12,-3.889,76.854,3.44,0.0,0.0
1995,341,13,-4.759,82.292,3.448,0.0,0.0
1995,341,14,-4.0,80.803,3.325,0.0,0.0
1995,341,15,-3.229,79.194,3.224,0.0,68.08
1995,341,16,-2.469,77.594,3.125,0.0,219.056
1995,341,17,0.05,62.436,2.848,0.0,326.4
1995,341,18,2.56,50.417,3.1,0.0,409.945
1995,341,19,5.08,40.778,3.781,0.0,422.198
1995,341,20,5.75,38.093,3.931,0.0,406.861
1995,341,21,6.42,35.586,4.166,0.0,364.912
1995,341,22,7.1,33.21,4.46,0.0,232.528
1995,341,23,6.16,36.828,4.187,0.0,124.704
1995,341,24,5.23,40.774,3.927,0.0,0.0
1995,342,1,4.29,45.13,3.667,0.0,0.0
1995,342,2,3.67,49.078,3.591,0.0,0.0
1995,342,3,3.05,53.305,3.506,0.0,0.0
1995,342,4,2.43,57.822,3.417,0.0,0.0
1995,342,5,2.5,57.36,3.942,0.0,0.0
1995,342,6,2.57,56.895,4.47,0.0,0.0
1995,342,7,2.64,56.438,5.017,0.0,0.0
1995,342,8,2.65,56.097,4.85,0.0,0.0
1995,342,9,2.65,55.796,4.768,0.0,0.0
1995,342,10,2.66,55.465,4.755,0.197,0.0
1995,342,11,2.35,60.965,5.024,0.635,0.0
1995,342,12,2.04,66.684,5.303,1.967,0.0
1995,342,13,1.73,72.634,5.583,0.191,0.0
1995,342,14,1.98,74.849,4.794,0.002,0.0
1995,342,15,2.22,77.024,4.075,0.065,21.496
1995,342,16,2.46,79.106,3.47,0.025,61.328
1995,342,17,2.72,78.528,2.71,0.036,91.712
1995,342,18,2.99,77.9,1.96,0.046,115.37
1995,342,19,3.26,77.269,1.214,0.011,105.36
1995,342,20,3.34,75.21,1.722,0.016,101.593
1995,342,21,3.42,73.169,4.596,0.001,91.156
1995,342,22,3.5,71.135,7.475,0.029,94.416
1995,342,23,1.34,71.779,8.119,0.001,50.64
1995,342,24,-0.819,70.826,8.776,0.0,0.0
1995,343,1,-2.969,67.603,9.43,0.0,0.0
1995,343,2,-5.189,70.537,8.864,0.0,0.0
1995,343,3,-7.409,72.51,8.31,0.0,0.0
1995,343,4,-9.619,72.891,7.751,0.0,0.0
1995,343,5,-10.75,73.789,6.709,0.0,0.0
1995,343,6,-11.879,74.247,5.668,0.0,0.0
1995,343,7,-13.009,74.195,4.621,0.0,0.0
1995,343,8,-13.669,75.943,4.315,0.0,0.0
1995,343,9,-14.329,77.67,4.041,0.0,0.0
1995,343,10,-14.979,79.311,3.812,0.0,0.0
1995,343,11,-15.349,79.659,3.633,0.0,0.0
1995,343,12,-15.719,79.979,3.445,0.0,0.0
1995,343,13,-16.089,80.224,3.266,0.0,0.0
1995,343,14,-15.25,77.346,3.292,0.0,0.0
1995,343,15,-14.409,74.511,3.332,0.0,61.408
1995,343,16,-13.579,71.839,3.38,0.0,213.712
1995,343,17,-12.159,68.414,3.687,0.0,320.8
1995,343,18,-10.75,65.031,4.0,0.0,404.226
1995,343,19,-9.329,61.625,4.32,0.0,445.999
1995,343,20,-8.75,60.923,4.074,0.0,430.364
1995,343,21,-8.179,60.21,3.828,0.0,386.343
1995,343,22,-7.599,59.415,3.582,0.0,253.936
1995,343,23,-8.689,59.814,2.947,0.0,136.272
1995,343,24,-9.779,59.88,2.312,0.0,0.0
1995,344,1,-10.869,59.508,1.677,0.0,0.0
1995,344,2,-11.289,59.012,1.288,0.0,0.0
1995,344,3,-11.719,58.475,1.097,0.0,0.0
1995,344,4,-12.139,57.782,1.214,0.0,0.0
1995,344,5,-12.919,61.275,1.608,0.0,0.0
1995,344,6,-13.709,65.073,2.172,0.0,0.0
1995,344,7,-14.489,69.063,2.805,0.0,0.0
1995,344,8,-14.849,71.03,2.741,0.0,0.0
1995,344,9,-15.199,72.966,2.704,0.0,0.0
1995,344,10,-15.559,75.057,2.702,0.0,0.0
1995,344,11,-15.659,77.44,2.772,0.0,0.0
1995,344,12,-15.75,79.79,2.945,0.0,0.0
1995,344,13,-15.849,82.203,3.199,0.0,0.0
1995,344,14,-14.799,82.215,3.067,0.0,0.0
1995,344,15,-13.75,81.683,2.991,0.0,62.304
1995,344,16,-12.709,80.828,2.964,0.0,213.632
1995,344,17,-9.989,77.23,4.122,0.0,321.84
1995,344,18,-7.279,72.346,5.295,0.0,406.186
1995,344,19,-4.569,66.828,6.47,0.0,427.26
1995,344,20,-3.069,53.264,6.842,0.0,412.546
1995,344,21,-1.569,41.896,7.214,0.0,370.553
1995,344,22,-0.079,32.389,7.587,0.0,240.672
1995,344,23,-1.619,36.38,6.679,0.0,129.24
1995,344,24,-3.159,40.905,5.774,0.0,0.0
1995,345,1,-4.709,46.097,4.87,0.0,0.0
1995,345,2,-5.479,49.054,4.31,0.0,0.0
1995,345,3,-6.25,52.219,3.84,0.0,0.0
1995,345,4,-7.019,55.618,3.511,0.0,0.0
1995,345,5,-7.399,58.195,3.454,0.0,0.0
1995,345,6,-7.789,60.914,3.417,0.0,0.0
1995,345,7,-8.169,63.716,3.382,0.0,0.0
1995,345,8,-8.459,65.602,3.352,0.0,0.0
1995,345,9,-8.739,67.452,3.313,0.0,0.0
1995,345,10,-9.019,69.401,3.273,0.0,0.0
1995,345,11,-9.379,71.796,3.181,0.0,0.0
1995,345,12,-9.729,74.215,3.119,0.0,0.0
1995,345,13,-10.089,76.795,3.09,0.0,0.0
1995,345,14,-8.629,68.917,3.055,0.0,0.0
1995,345,15,-7.169,61.937,3.017,0.0,65.904
1995,345,16,-5.709,55.742,2.978,0.0,205.472
1995,345,17,-2.699,49.842,3.476,0.0,310.656
1995,345,18,0.31,44.278,4.071,0.0,392.699
1995,345,19,3.31,39.203,4.744,0.0,417.222
1995,345,20,4.44,39.592,4.812,0.0,403.124
1995,345,21,5.57,39.715,4.94,0.0,362.296
1995,345,22,6.7,39.611,5.103,0.0,234.112
1995,345,23,4.87,46.631,4.573,0.0,125.84
1995,345,24,3.03,54.972,4.051,0.0,0.0
1995,346,1,1.2,64.797,3.568,0.0,0.0
1995,346,2,0.94,65.446,3.012,0.0,0.0
1995,346,3,0.68,66.095,2.51,0.0,0.0
1995,346,4,0.42,66.751,2.085,0.0,0.0
1995,346,5,-0.509,71.257,2.134,0.0,0.0
1995,346,6,-1.429,76.063,2.316,0.0,0.0
1995,346,7,-2.359,81.285,2.595,0.0,0.0
1995,346,8,-3.069,84.247,2.52,0.0,0.0
1995,346,9,-3.789,87.387,2.654,0.0,0.0
1995,346,10,-4.509,90.642,2.952,0.0,0.0
1995,346,11,-4.929,92.385,2.975,0.0,0.0
1995,346,12,-5.359,94.225,2.998,0.0,0.0
1995,346,13,-5.789,96.101,3.022,0.0,0.0
1995,346,14,-5.089,95.112,3.134,0.0,0.0
1995,346,15,-4.379,93.928,3.287,0.0,59.176
1995,346,16,-3.669,92.627,3.459,0.0,190.272
1995,346,17,-0.659,80.972,3.354,0.0,288.688
1995,346,18,2.34,70.711,3.277,0.0,365.533
1995,346,19,5.35,61.645,3.222,0.0,358.477
1995,346,20,6.61,62.936,3.562,0.0,346.607
1995,346,21,7.87,63.626,3.904,0.0,311.701
1995,346,22,9.13,63.827,4.263,0.0,196.032
1995,346,23,8.35,68.246,4.204,0.0,105.52
1995,346,24,7.56,73.036,4.146,0.0,0.0
1995,347,1,6.78,78.119,4.09,0.0,0.0
1995,347,2,6.06,79.241,3.836,0.0,0.0
1995,347,3,5.33,80.355,3.592,0.0,0.0
1995,347,4,4.6,81.394,3.369,0.0,0.0
1995,347,5,4.28,84.498,3.504,0.0,0.0
1995,347,6,3.95,87.766,3.638,0.0,0.0
1995,347,7,3.63,91.084,3.774,0.0,0.0
1995,347,8,3.98,91.905,3.493,0.0,0.0
1995,347,9,4.33,92.639,3.358,0.0,0.0
1995,347,10,4.68,93.281,3.38,0.0,0.0
1995,347,11,4.8,94.609,3.264,0.0,0.0
1995,347,12,4.91,95.973,3.157,0.0,0.0
1995,347,13,5.02,97.31,3.061,0.0,0.0
1995,347,14,6.03,95.346,3.345,0.0,0.0
1995,347,15,7.04,93.255,3.706,0.0,52.576
1995,347,16,8.04,91.122,4.13,0.0,196.288
1995,347,17,10.79,84.261,5.117,0.0,298.848
1995,347,18,13.53,77.456,6.437,0.0,378.969
1995,347,19,16.28,70.809,7.925,0.0,402.186
1995,347,20,17.21,66.514,8.06,0.0,389.146
1995,347,21,18.13,62.546,8.234,0.0,350.185
1995,347,22,19.06,58.804,8.453,0.0,229.984
1995,347,23,17.64,63.267,7.212,0.0,123.984
1995,347,24,16.23,68.076,6.001,0.0,0.0
1995,348,1,14.81,73.349,4.878,0.0,0.0
1995,348,2,13.44,76.096,4.274,0.0,0.0
1995,348,3,12.06,78.837,3.737,0.0,0.0
1995,348,4,10.69,81.438,3.309,0.0,0.0
1995,348,5,10.08,80.854,3.108,0.0,0.0
1995,348,6,9.47,80.089,2.912,0.0,0.0
1995,348,7,8.86,79.126,2.729,0.0,0.0
1995,348,8,8.15,79.767,2.951,0.0,0.0
1995,348,9,7.45,80.24,3.222,0.0,0.0
1995,348,10,6.74,80.641,3.523,0.0,0.0
1995,348,11,6.56,79.071,2.921,0.0,0.0
1995,348,12,6.37,77.517,2.37,0.0,0.0
1995,348,13,6.19,75.85,1.915,0.0,0.0
1995,348,14,6.62,75.523,0.792,0.0,0.0
1995,348,15,7.05,75.165,0.53,0.0,53.376
1995,348,16,7.48,74.779,1.629,0.0,195.968
1995,348,17,9.92,64.451,1.88,0.0,299.392
1995,348,18,12.36,55.711,2.153,0.0,380.258
1995,348,19,14.8,48.295,2.435,0.0,399.967
1995,348,20,15.8,46.416,2.637,0.0,387.285
1995,348,21,16.8,44.601,2.835,0.0,348.742
1995,348,22,17.79,42.881,3.035,0.0,229.984
1995,348,23,15.63,50.057,3.319,0.0,124.224
1995,348,24,13.47,58.556,3.613,0.0,0.0
1995,349,1,11.31,68.64,3.921,0.0,0.0
1995,349,2,9.92,72.524,3.816,0.0,0.0
1995,349,3,8.53,76.596,3.761,0.0,0.0
1995,349,4,7.14,80.837,3.752,0.0,0.0
1995,349,5,6.27,84.029,3.641,0.0,0.0
1995,349,6,5.4,87.335,3.516,0.0,0.0
1995,349,7,4.53,90.767,3.4,0.0,0.0
1995,349,8,4.12,91.683,3.515,0.0,0.0
1995,349,9,3.7,92.641,3.631,0.0,0.0
1995,349,10,3.29,93.523,3.775,0.0,0.0
1995,349,11,3.44,92.474,3.716,0.0,0.0
1995,349,12,3.58,91.5,3.659,0.0,0.0
1995,349,13,3.73,90.469,3.604,0.0,0.0
1995,349,14,4.08,88.468,3.868,0.0,0.0
1995,349,15,4.42,86.585,4.178,0.0,23.632
1995,349,16,4.77,84.683,4.521,0.0,66.064
1995,349,17,5.76,80.702,4.621,0.0,101.264
1995,349,18,6.76,76.869,4.714,0.0,128.821
1995,349,19,7.76,73.223,4.82,0.0,287.81
1995,349,20,9.13,68.843,5.04,0.0,278.902
1995,349,21,10.49,64.766,5.31,0.0,251.33
1995,349,22,11.85,60.939,5.615,0.0,230.544
1995,349,23,10.08,67.261,5.029,0.0,124.784
1995,349,24,8.31,74.336,4.441,0.0,0.0
1995,350,1,6.54,82.262,3.863,0.0,0.0
1995,350,2,5.22,84.784,3.846,0.0,0.0
1995,350,3,3.9,87.109,3.856,0.0,0.0
1995,350,4,2.59,89.129,3.892,0.0,0.0
1995,350,5,1.72,90.531,3.613,0.0,0.0
1995,350,6,0.85,91.784,3.362,0.0,0.0
1995,350,7,-0.029,92.924,3.114,0.0,0.0
1995,350,8,-0.539,94.041,3.082,0.0,0.0
1995,350,9,-1.049,95.128,3.055,0.0,0.0
1995,350,10,-1.569,96.237,3.034,0.0,0.0
1995,350,11,-1.919,96.85,3.02,0.0,0.0
1995,350,12,-2.269,97.446,3.014,0.0,0.0
1995,350,13,-2.619,98.004,3.024,0.0,0.0
1995,350,14,-1.969,96.009,3.143,0.0,0.0
1995,350,15,-1.309,93.957,3.296,0.0,55.384
1995,350,16,-0.649,91.897,3.467,0.0,192.24
1995,350,17,2.96,78.511,3.395,0.0,295.648
1995,350,18,6.58,66.88,3.481,0.0,376.646
1995,350,19,10.19,56.967,3.709,0.0,398.723
1995,350,20,11.55,52.056,4.467,0.0,386.672
1995,350,21,12.9,47.641,5.253,0.0,348.704
1995,350,22,14.26,43.616,6.046,0.0,237.584
1995,350,23,12.32,49.347,5.297,0.0,128.896
1995,350,24,10.38,55.938,4.581,0.031,0.0
1995,351,1,8.44,63.536,3.923,0.0,0.0
1995,351,2,7.05,68.276,3.86,0.0,0.0
1995,351,3,5.66,73.416,3.831,0.0,0.0
1995,351,4,4.27,78.975,3.851,0.0,0.0
1995,351,5,3.6,82.18,3.892,0.0,0.0
1995,351,6,2.94,85.465,3.951,0.0,0.0
1995,351,7,2.28,88.904,4.015,0.0,0.0
1995,351,8,2.11,90.791,4.212,0.0,0.0
1995,351,9,1.94,92.708,4.409,0.0,0.0
1995,351,10,1.78,94.594,4.607,4.253,0.0
1995,351,11,2.07,94.263,4.303,0.289,0.0
1995,351,12,2.36,93.919,3.998,0.444,0.0
1995,351,13,2.66,93.479,3.705,3.105,0.0
1995,351,14,2.69,92.462,4.119,0.754,0.0
1995,351,15,2.72,91.447,4.794,0.842,17.256
1995,351,16,2.75,90.438,5.631,0.439,54.64
1995,351,17,3.38,90.078,5.261,2.002,84.288
1995,351,18,4.01,89.588,4.903,1.613,107.539
1995,351,19,4.63,89.06,4.568,0.481,104.876
1995,351,20,4.68,89.023,4.52,0.436,101.778
1995,351,21,4.73,88.997,4.521,0.493,91.857
1995,351,22,4.78,88.968,4.556,0.305,53.488
1995,351,23,4.53,89.368,4.874,0.127,29.088
1995,351,24,4.27,89.828,5.198,0.098,0.0
1995,352,1,4.02,90.207,5.526,0.065,0.0
1995,352,2,4.14,90.821,5.265,0.004,0.0
1995,352,3,4.25,91.488,5.081,0.149,0.0
1995,352,4,4.37,92.067,4.987,0.07,0.0
1995,352,5,4.32,91.789,5.179,0.04,0.0
1995,352,6,4.27,91.508,5.381,0.071,0.0
1995,352,7,4.22,91.217,5.574,0.647,0.0
1995,352,8,4.06,91.571,5.537,0.217,0.0
1995,352,9,3.9,91.917,5.502,0.202,0.0
1995,352,10,3.74,92.26,5.474,0.088,0.0
1995,352,11,3.66,92.191,5.452,0.16,0.0
1995,352,12,3.58,92.111,5.442,0.814,0.0
1995,352,13,3.5,92.033,5.441,0.483,0.0
1995,352,14,3.28,91.373,5.448,0.117,0.0
1995,352,15,3.07,90.609,5.47,0.04,15.528
1995,352,16,2.85,89.857,5.524,0.27,69.2
1995,352,17,3.07,89.077,6.091,0.15,107.104
1995,352,18,3.3,88.231,6.709,0.254,136.842
1995,352,19,3.52,87.459,7.349,0.666,130.464
1995,352,20,3.51,87.621,7.466,0.574,126.726
1995,352,21,3.49,87.835,7.643,0.525,114.453
1995,352,22,3.48,88.001,7.883,0.716,78.48
1995,352,23,3.05,89.222,7.96,1.709,42.816
1995,352,24,2.62,90.454,8.046,1.462,0.08
1995,353,1,2.19,91.68,8.166,2.07,0.0
1995,353,2,1.7,92.187,8.343,3.041,0.0
1995,353,3,1.21,92.626,8.523,2.397,0.0
1995,353,4,0.71,93.055,8.711,3.978,0.0
1995,353,5,0.58,91.942,8.844,1.985,0.0
1995,353,6,0.45,90.801,8.981,2.079,0.0
1995,353,7,0.32,89.633,9.124,1.805,0.0
1995,353,8,0.33,89.504,8.936,1.025,0.0
1995,353,9,0.33,89.433,8.766,1.267,0.0
1995,353,10,0.34,89.307,8.593,1.022,0.0
1995,353,11,0.38,89.487,8.981,0.747,0.0
1995,353,12,0.42,89.67,9.394,2.321,0.0
1995,353,13,0.46,89.849,9.837,0.742,0.0
1995,353,14,-0.009,89.642,9.831,0.0,0.0
1995,353,15,-0.479,89.312,9.832,0.0,44.912
1995,353,16,-0.949,88.845,9.84,0.0,192.976
1995,353,17,-0.739,87.865,9.432,0.0,299.584
1995,353,18,-0.519,86.824,9.034,0.0,383.307
1995,353,19,-0.309,85.863,8.638,0.0,407.066
1995,353,20,-0.049,85.292,8.093,0.0,395.678
1995,353,21,0.2,84.777,7.559,0.0,357.717
1995,353,22,0.45,84.263,7.034,0.0,257.376
1995,353,23,-0.619,86.686,6.156,0.0,140.864
1995,353,24,-1.699,89.076,5.268,0.0,1.12
1995,354,1,-2.779,91.329,4.391,0.0,0.0
1995,354,2,-3.5,92.669,4.173,0.0,0.0
1995,354,3,-4.229,93.976,3.97,0.0,0.0
1995,354,4,-4.949,95.09,3.763,0.0,0.0
1995,354,5,-5.389,95.471,3.492,0.0,0.0
1995,354,6,-5.829,95.802,3.224,0.0,0.0
1995,354,7,-6.269,96.035,2.964,0.0,0.0
1995,354,8,-6.549,96.285,2.882,0.0,0.0
1995,354,9,-6.829,96.512,2.818,0.0,0.0
1995,354,10,-7.109,96.687,2.75,0.0,0.0
1995,354,11,-7.319,96.745,2.64,0.0,0.0
1995,354,12,-7.529,96.758,2.531,0.0,0.0
1995,354,13,-7.75,96.827,2.441,0.0,0.0
1995,354,14,-6.699,95.671,2.368,0.083,0.0
1995,354,15,-5.659,94.255,2.326,0.0,44.808
1995,354,16,-4.609,92.474,2.322,0.0,163.584
1995,354,17,-3.599,91.486,2.226,0.0,254.688
1995,354,18,-2.579,90.127,2.213,0.0,326.298
1995,354,19,-1.569,88.608,2.277,0.0,345.625
1995,354,20,-1.299,86.187,2.416,0.911,336.211
1995,354,21,-1.039,83.893,2.573,0.0,304.215
1995,354,22,-0.779,81.663,2.728,0.0,250.416
1995,354,23,-1.559,83.121,2.299,0.0,137.512
1995,354,24,-2.339,84.51,1.928,0.0,2.0
1995,355,1,-3.119,85.795,1.686,0.0,0.0
1995,355,2,-3.449,86.898,1.729,0.0,0.0
1995,355,3,-3.789,88.06,1.813,0.0,0.0
1995,355,4,-4.119,89.162,1.91,0.0,0.0
1995,355,5,-4.199,89.658,1.507,0.0,0.0
1995,355,6,-4.279,90.175,1.101,0.0,0.0
1995,355,7,-4.359,90.673,0.702,0.0,0.0
1995,355,8,-4.449,92.208,0.81,0.0,0.0
1995,355,9,-4.529,93.689,0.951,0.0,0.0
1995,355,10,-4.619,95.257,1.129,0.0,0.0
1995,355,11,-4.429,94.875,1.102,0.0,0.0
1995,355,12,-4.25,94.546,1.229,0.0,0.0
1995,355,13,-4.069,94.236,1.474,0.0,0.0
1995,355,14,-3.829,93.514,1.455,0.0,0.0
1995,355,15,-3.579,92.732,1.429,0.0,35.048
1995,355,16,-3.329,91.945,1.405,0.0,111.52
1995,355,17,-2.579,89.881,1.288,0.0,174.128
1995,355,18,-1.829,87.806,1.172,0.0,223.386
1995,355,19,-1.079,85.716,1.06,0.0,267.217
1995,355,20,-0.809,86.129,1.468,0.0,260.161
1995,355,21,-0.529,86.439,1.884,0.0,235.616
1995,355,22,-0.259,86.764,2.304,0.024,123.712
1995,355,23,-0.629,89.213,1.948,0.086,68.176
1995,355,24,-1.0,91.736,1.603,0.0,1.472
1995,356,1,-1.369,94.344,1.271,0.0,0.0
1995,356,2,-1.619,93.628,1.03,0.0,0.0
1995,356,3,-1.869,92.851,0.792,0.52,0.0
1995,356,4,-2.129,92.089,0.595,0.0,0.0
1995,356,5,-2.129,92.811,0.223,0.0,0.0
1995,356,6,-2.139,93.602,0.136,0.0,0.0
1995,356,7,-2.139,94.331,0.497,0.0,0.0
1995,356,8,-2.209,95.062,0.737,0.0,0.0
1995,356,9,-2.289,95.864,0.982,0.0,0.0
1995,356,10,-2.359,96.613,1.241,0.0,0.0
1995,356,11,-2.449,96.626,1.271,0.0,0.0
1995,356,12,-2.529,96.558,1.305,0.393,0.0
1995,356,13,-2.619,96.566,1.331,0.0,0.0
1995,356,14,-2.279,95.197,1.742,0.0,0.0
1995,356,15,-1.939,93.848,2.166,0.0,22.112
1995,356,16,-1.599,92.516,2.595,0.0,89.28
1995,356,17,-1.459,90.947,2.998,0.0,139.792
1995,356,18,-1.319,89.405,3.393,0.0,179.567
1995,356,19,-1.189,87.95,3.8,0.0,182.128
1995,356,20,-1.309,86.57,3.639,0.0,177.471
1995,356,21,-1.439,85.219,3.504,0.0,160.878
1995,356,22,-1.569,83.842,3.404,0.0,135.904
1995,356,23,-2.169,85.496,3.07,0.0,75.184
1995,356,24,-2.769,87.162,2.777,0.0,2.184
1995,357,1,-3.369,88.811,2.519,0.0,0.0
1995,357,2,-3.369,88.212,2.538,0.0,0.0
1995,357,3,-3.369,87.605,2.559,0.0,0.0
1995,357,4,-3.369,86.999,2.582,0.0,0.0
1995,357,5,-3.549,87.597,2.382,0.0,0.0
1995,357,6,-3.729,88.198,2.186,0.0,0.0
1995,357,7,-3.909,88.8,1.994,0.0,0.0
1995,357,8,-4.0,88.611,2.078,0.0,0.0
1995,357,9,-4.089,88.417,2.159,0.0,0.0
1995,357,10,-4.189,88.281,2.258,0.0,0.0
1995,357,11,-4.309,88.777,2.129,0.0,0.0
1995,357,12,-4.429,89.265,2.008,0.0,0.0
1995,357,13,-4.549,89.751,1.879,0.0,0.0
1995,357,14,-4.229,88.045,2.283,0.009,0.0
1995,357,15,-3.919,86.44,2.722,0.009,35.872
1995,357,16,-3.599,84.796,3.197,0.009,147.936
1995,357,17,-3.119,79.51,3.398,0.009,232.208
1995,357,18,-2.649,74.567,3.783,0.009,298.659
1995,357,19,-2.169,69.814,4.295,0.009,309.796
1995,357,20,-2.059,70.065,4.172,0.009,302.101
1995,357,21,-1.949,70.31,4.127,0.009,274.123
1995,357,22,-1.829,70.497,4.155,0.009,193.28
1995,357,23,-2.25,74.518,3.494,0.009,107.352
1995,357,24,-2.659,78.667,2.837,0.009,3.96
1995,358,1,-3.079,83.068,2.167,0.009,0.0
1995,358,2,-3.049,83.656,2.11,0.009,0.0
1995,358,3,-3.029,84.301,2.1,0.009,0.0
1995,358,4,-3.009,84.944,2.149,0.009,0.0
1995,358,5,-3.149,85.071,2.198,0.009,0.0
1995,358,6,-3.289,85.193,2.253,0.009,0.0
1995,358,7,-3.429,85.307,2.313,0.009,0.0
1995,358,8,-3.699,86.245,2.395,0.009,0.0
1995,358,9,-3.969,87.19,2.515,0.009,0.0
1995,358,10,-4.25,88.21,2.67,0.009,0.0
1995,358,11,-5.069,87.848,2.906,0.009,0.0
1995,358,12,-5.889,87.133,3.184,0.009,0.0
1995,358,13,-6.719,86.069,3.489,0.009,0.0
1995,358,14,-6.019,86.968,3.55,0.0,0.0
1995,358,15,-5.319,87.564,3.614,0.0,48.36
1995,358,16,-4.629,87.961,3.683,0.0,197.04
1995,358,17,-3.309,86.85,4.061,0.0,310.064
1995,358,18,-1.989,85.259,4.484,0.0,399.248
1995,358,19,-0.669,83.291,4.942,0.0,427.578
1995,358,20,-0.189,82.473,4.832,0.0,417.281
1995,358,21,0.29,81.621,4.726,0.0,379.021
1995,358,22,0.77,80.746,4.636,0.0,251.44
1995,358,23,-0.479,83.404,4.267,0.0,140.232
1995,358,24,-1.729,85.928,3.918,0.0,6.328
1995,359,1,-2.989,88.32,3.626,0.0,0.0
1995,359,2,-3.5,88.537,3.232,0.0,0.0
1995,359,3,-4.009,88.65,3.122,0.0,0.0
1995,359,4,-4.519,88.647,3.322,0.0,0.0
1995,359,5,-4.909,90.402,3.126,0.0,0.0
1995,359,6,-5.299,92.196,3.056,0.0,0.0
1995,359,7,-5.689,94.024,3.129,0.0,0.0
1995,359,8,-5.429,94.391,2.878,0.0,0.0
1995,359,9,-5.179,94.792,2.688,0.0,0.0
1995,359,10,-4.919,95.077,2.563,0.0,0.0
1995,359,11,-4.969,95.104,2.357,0.0,0.0
1995,359,12,-5.029,95.195,2.184,0.0,0.0
1995,359,13,-5.079,95.216,2.031,0.0,0.0
1995,359,14,-4.379,94.547,2.213,0.013,0.0
1995,359,15,-3.669,93.659,2.439,0.013,39.48
1995,359,16,-2.969,92.706,2.701,0.013,152.496
1995,359,17,-1.899,89.301,2.7,0.013,240.528
1995,359,18,-0.829,85.941,2.725,0.013,310.072
1995,359,19,0.24,82.631,2.795,0.013,310.935
1995,359,20,0.59,80.028,2.882,0.013,303.704
1995,359,21,0.93,77.562,2.981,0.013,276.129
1995,359,22,1.28,75.123,3.092,0.013,212.736
1995,359,23,0.65,78.692,2.74,0.013,119.16
1995,359,24,0.02,82.454,2.55,0.013,6.4
1995,360,1,-0.609,86.412,2.561,0.013,0.0
1995,360,2,-0.959,86.331,2.525,0.013,0.0
1995,360,3,-1.309,86.195,2.546,0.013,0.0
1995,360,4,-1.649,85.943,2.598,0.013,0.0
1995,360,5,-2.439,86.926,2.848,0.013,0.0
1995,360,6,-3.229,87.762,3.104,0.013,0.0
1995,360,7,-4.019,88.416,3.366,0.013,0.0
1995,360,8,-4.339,90.037,3.459,0.013,0.0
1995,360,9,-4.649,91.626,3.556,0.013,0.0
1995,360,10,-4.969,93.311,3.657,0.013,0.0
1995,360,11,-5.099,94.189,3.902,0.013,0.0
1995,360,12,-5.229,95.082,4.174,0.013,0.0
1995,360,13,-5.369,96.059,4.465,0.013,0.0
1995,360,14,-4.779,95.334,4.265,0.0,0.0
1995,360,15,-4.189,94.518,4.095,0.0,40.896
1995,360,16,-3.599,93.599,3.967,0.0,191.744
1995,360,17,-1.849,88.38,4.385,0.0,303.088
1995,360,18,-0.099,83.195,4.816,0.0,391.157
1995,360,19,1.66,78.063,5.248,0.0,422.731
1995,360,20,2.29,75.101,4.49,0.0,413.243
1995,360,21,2.92,72.266,3.932,0.0,376.106
1995,360,22,3.56,69.501,3.674,0.0,256.384
1995,360,23,2.08,73.447,3.534,0.0,144.256
1995,360,24,0.59,77.565,3.538,0.0,9.032
1995,361,1,-0.889,81.727,3.687,0.0,0.0
1995,361,2,-1.309,82.481,3.592,0.0,0.0
1995,361,3,-1.729,83.212,3.53,0.0,0.0
1995,361,4,-2.139,83.844,3.502,0.0,0.0
1995,361,5,-2.589,86.265,3.346,0.0,0.0
1995,361,6,-3.039,88.768,3.273,0.0,0.0
1995,361,7,-3.489,91.344,3.289,0.0,0.0
1995,361,8,-3.859,92.833,3.211,0.0,0.0
1995,361,9,-4.229,94.331,3.145,0.0,0.0
1995,361,10,-4.599,95.855,3.081,0.0,0.0
1995,361,11,-4.839,96.103,2.936,0.0,0.0
1995,361,12,-5.079,96.325,2.826,0.0,0.0
1995,361,13,-5.319,96.527,2.745,0.0,0.0
1995,361,14,-4.739,95.238,2.881,0.0,0.0
1995,361,15,-4.169,93.988,3.041,0.0,41.168
1995,361,16,-3.589,92.628,3.23,0.0,191.808
1995,361,17,-2.399,88.756,3.407,0.0,303.824
1995,361,18,-1.219,85.008,3.6,0.0,392.518
1995,361,19,-0.029,81.282,3.806,0.0,424.907
1995,361,20,0.14,78.911,3.987,0.0,415.699
1995,361,21,0.32,76.528,4.177,0.0,378.751
1995,361,22,0.49,74.257,4.367,0.0,252.176
1995,361,23,-0.489,78.51,3.891,0.0,142.56
1995,361,24,-1.479,83.102,3.414,0.0,10.232
1995,362,1,-2.469,87.99,2.936,0.0,0.0
1995,362,2,-2.519,88.672,2.738,0.0,0.0
1995,362,3,-2.579,89.428,2.535,0.0,0.0
1995,362,4,-2.629,90.119,2.34,0.0,0.0
1995,362,5,-2.859,91.354,2.169,0.0,0.0
1995,362,6,-3.079,92.537,2.024,0.0,0.0
1995,362,7,-3.309,93.806,1.925,0.0,0.0
1995,362,8,-3.479,94.676,1.804,0.0,0.0
1995,362,9,-3.659,95.629,1.697,0.0,0.0
1995,362,10,-3.839,96.588,1.584,0.0,0.0
1995,362,11,-4.209,96.474,1.815,0.0,0.0
1995,362,12,-4.579,96.294,2.06,0.0,0.0
1995,362,13,-4.949,96.03,2.314,0.0,0.0
1995,362,14,-4.549,94.954,2.001,0.0,0.0
1995,362,15,-4.149,93.867,1.74,0.0,39.344
1995,362,16,-3.75,92.771,1.552,0.0,190.952
1995,362,17,-2.859,87.406,1.251,0.0,303.04
1995,362,18,-1.979,82.454,1.761,0.0,391.878
1995,362,19,-1.089,77.754,2.643,0.0,426.214
1995,362,20,-0.819,76.748,2.5,0.0,417.32
1995,362,21,-0.549,75.755,2.414,0.0,380.616
1995,362,22,-0.279,74.775,2.391,0.0,259.28
1995,362,23,-1.369,78.589,2.462,0.0,147.264
1995,362,24,-2.459,82.582,2.703,0.0,11.968
1995,363,1,-3.549,86.757,3.063,0.0,0.0
1995,363,2,-3.879,86.939,2.945,0.0,0.0
1995,363,3,-4.199,87.013,2.835,0.0,0.0
1995,363,4,-4.529,87.113,2.733,0.0,0.0
1995,363,5,-4.819,88.487,2.741,0.0,0.0
1995,363,6,-5.109,89.886,2.748,0.0,0.0
1995,363,7,-5.399,91.304,2.763,0.0,0.0
1995,363,8,-5.719,92.272,2.721,0.0,0.0
1995,363,9,-6.049,93.3,2.69,0.0,0.0
1995,363,10,-6.369,94.261,2.654,0.0,0.0
1995,363,11,-6.589,94.691,2.624,0.0,0.0
1995,363,12,-6.809,95.116,2.596,0.0,0.0
1995,363,13,-7.029,95.531,2.559,0.0,0.0
1995,363,14,-6.319,94.416,2.714,0.0,0.0
1995,363,15,-5.599,93.111,2.871,0.0,39.864
1995,363,16,-4.889,91.776,3.03,0.0,186.632
1995,363,17,-3.189,87.913,3.651,0.0,296.704
1995,363,18,-1.479,83.743,4.281,0.0,384.038
1995,363,19,0.23,79.459,4.932,0.0,380.316
1995,363,20,0.69,77.989,4.851,0.0,372.679
1995,363,21,1.15,76.537,4.78,0.181,340.274
1995,363,22,1.61,75.104,4.7,0.0,245.536
1995,363,23,0.81,77.885,4.207,0.027,140.16
1995,363,24,0.01,80.759,3.729,0.0,12.744
1995,364,1,-0.799,83.799,3.285,0.0,0.0
1995,364,2,-1.169,84.753,3.15,0.0,0.0
1995,364,3,-1.539,85.692,3.017,0.0,0.0
1995,364,4,-1.909,86.63,2.887,0.0,0.0
1995,364,5,-1.719,88.092,2.913,0.033,0.0
1995,364,6,-1.529,89.485,2.951,0.196,0.0
1995,364,7,-1.339,90.827,2.992,0.167,0.0
1995,364,8,-1.209,92.06,3.035,0.032,0.0
1995,364,9,-1.079,93.268,3.094,0.44,0.0
1995,364,10,-0.939,94.366,3.17,1.448,0.0
1995,364,11,-0.879,94.199,3.771,0.299,0.0
1995,364,12,-0.819,94.028,4.368,0.0,0.0
1995,364,13,-0.75,93.802,4.98,0.389,0.0
1995,364,14,-0.439,93.676,4.859,0.0,0.0
1995,364,15,-0.129,93.517,4.742,0.0,17.544
1995,364,16,0.18,93.312,4.63,0.0,77.768
1995,364,17,0.42,92.366,4.883,0.001,123.824
1995,364,18,0.66,91.412,5.191,0.052,160.42
1995,364,19,0.9,90.48,5.552,0.001,322.979
1995,364,20,1.38,88.466,5.445,0.001,316.752
1995,364,21,1.85,86.556,5.326,0.0,289.516
1995,364,22,2.33,84.621,5.206,0.0,254.416
1995,364,23,1.21,88.002,4.579,0.002,145.952
1995,364,24,0.09,91.426,3.954,0.0,14.72
1995,365,1,-1.029,94.868,3.353,0.0,0.0
1995,365,2,-1.689,96.202,3.162,0.0,0.0
1995,365,3,-2.349,97.458,3.026,0.0,0.0
1995,365,4,-3.009,98.624,2.953,0.0,0.0
1995,365,5,-2.989,98.895,2.803,0.0,0.0
1995,365,6,-2.979,99.237,2.71,0.0,0.0
1995,365,7,-2.969,99.577,2.701,0.0,0.0
1995,365,8,-2.769,99.413,2.511,0.0,0.0
1995,365,9,-2.579,99.29,2.323,0.0,0.0
1995,365,10,-2.389,99.166,2.146,0.0,0.0
1995,365,11,-2.329,99.062,1.933,0.0,0.0
1995,365,12,-2.269,98.959,1.935,0.0,0.0
1995,365,13,-2.209,98.854,2.161,0.0,0.0
1995,365,14,-1.939,96.896,2.09,0.0,0.0
1995,365,15,-1.679,95.049,2.008,0.177,33.096
1995,365,16,-1.409,93.167,1.937,0.0,185.336
1995,365,17,-0.259,90.377,1.509,0.039,295.536
1995,365,18,0.88,87.558,1.186,0.0,383.175
1995,365,19,2.02,84.675,1.06,0.05,416.822
1995,365,20,2.59,83.374,1.541,0.0,409.107
1995,365,21,3.16,82.054,2.064,0.0,374.368
1995,365,22,3.73,80.722,2.597,0.0,259.536
1995,365,23,2.53,85.454,2.669,0.0,149.648
1995,365,24,1.33,90.476,2.974,0.0,16.6
1995,366,1,-1.029,94.868,3.353,0.0,0.0
1995,366,2,-1.689,96.202,3.162,0.0,0.0
1995,366,3,-2.349,97.458,3.026,0.0,0.0
1995,366,4,-3.009,98.624,2.953,0.0,0.0
1995,366,5,-2.989,98.895,2.803,0.0,0.0
1995,366,6,-2.979,99.237,2.71,0.0,0.0
1995,366,7,-2.969,99.577,2.701,0.0,0.0
1995,366,8,-2.769,99.413,2.511,0.0,0.0
1995,366,9,-2.579,99.29,2.323,0.0,0.0
1995,366,10,-2.389,99.166,2.146,0.0,0.0
1995,366,11,-2.329,99.062,1.933,0.0,0.0
1995,366,12,-2.269,98.959,1.935,0.0,0.0
1995,366,13,-2.209,98.854,2.161,0.0,0.0
1995,366,14,-1.939,96.896,2.09,0.0,0.0
1995,366,15,-1.679,95.049,2.008,0.177,33.096
1995,366,16,-1.409,93.167,1.937,0.0,185.336
1995,366,17,-0.259,90.377,1.509,0.039,295.536
1995,366,18,0.88,87.558,1.186,0.0,383.175
1995,366,19,2.02,84.675,1.06,0.05,416.822
1995,366,20,2.59,83.374,1.541,0.0,409.107
1995,366,21,3.16,82.054,2.064,0.0,374.368
1995,366,22,3.73,80.722,2.597,0.0,259.536
1995,366,23,2.53,85.454,2.669,0.0,149.648
1995,366,24,1.33,90.476,2.974,0.0,16.6


